<html>
<head><meta charset="utf-8" /></head>
<body>
    <div>                        <script type="text/javascript">window.PlotlyConfig = {MathJaxConfig: 'local'};</script>
        <script charset="utf-8" src="https://cdn.plot.ly/plotly-2.29.1.min.js"></script>                <div id="9e2f68d3-c96c-4cc1-bf11-b2165b1d97ae" class="plotly-graph-div" style="height:900px; width:900px;"></div>            <script type="text/javascript">                                    window.PLOTLYENV=window.PLOTLYENV || {};                                    if (document.getElementById("9e2f68d3-c96c-4cc1-bf11-b2165b1d97ae")) {                    Plotly.newPlot(                        "9e2f68d3-c96c-4cc1-bf11-b2165b1d97ae",                        [{"colorscale":[[0.0,"rgb(255,245,240)"],[0.125,"rgb(254,224,210)"],[0.25,"rgb(252,187,161)"],[0.375,"rgb(252,146,114)"],[0.5,"rgb(251,106,74)"],[0.625,"rgb(239,59,44)"],[0.75,"rgb(203,24,29)"],[0.875,"rgb(165,15,21)"],[1.0,"rgb(103,0,13)"]],"x":["CG-part-aerial","CG-rosette","CG-root","CG-organism-whole","CG-shoot","CG-cell-sperm","CG-nucleus-vegetative","CG-buds-flower-immature","CG-inflorescence","CG-embryo","CG-endosperm","CHG-part-aerial","CHH-part-aerial","CHH-embryo","CHG-embryo","CHG-buds-flower-immature","CHH-buds-flower-immature","CHG-endosperm","CHH-endosperm","CHG-shoot","CHG-organism-whole","CHG-cell-sperm","CHG-nucleus-vegetative","CHG-inflorescence","CHG-root","CHG-rosette","CHH-rosette","CHH-inflorescence","CHH-root","CHH-cell-sperm","CHH-nucleus-vegetative","CHH-shoot","CHH-organism-whole"],"y":["CG-part-aerial","CG-rosette","CG-root","CG-organism-whole","CG-shoot","CG-cell-sperm","CG-nucleus-vegetative","CG-buds-flower-immature","CG-inflorescence","CG-embryo","CG-endosperm","CHG-part-aerial","CHH-part-aerial","CHH-embryo","CHG-embryo","CHG-buds-flower-immature","CHH-buds-flower-immature","CHG-endosperm","CHH-endosperm","CHG-shoot","CHG-organism-whole","CHG-cell-sperm","CHG-nucleus-vegetative","CHG-inflorescence","CHG-root","CHG-rosette","CHH-rosette","CHH-inflorescence","CHH-root","CHH-cell-sperm","CHH-nucleus-vegetative","CHH-shoot","CHH-organism-whole"],"z":[[1.0,0.9452799066132062,0.9332297112114907,0.939106988783434,0.9365841073271414,0.9511406892351418,0.9508154426567866,0.8934870324316094,0.9355026307330525,0.9383642930856553,0.9328088785125784,0.8459502782994129,0.7939078651305216,0.6698476543335194,0.6740234143700621,0.6717978649613426,0.6146517450811213,0.6670139065116987,0.6469530866703886,0.6907015006175032,0.6885516587998444,0.6864880982591484,0.6964624676445211,0.6996443012062461,0.693220575546871,0.6622582855402731,0.6294049975469048,0.6710001860968718,0.6572480502123196,0.6716675971510261,0.6605309682112707,0.6801214705036458,0.6518740800893265],[0.9452799066132062,1.0,0.9708855673416907,0.9752524996193473,0.9377996582584717,0.9574193439239371,0.9576316635368557,0.8690034512510785,0.9562634285810959,0.923393222690284,0.9322886531661845,0.8107673958280465,0.7677214975722817,0.6351372041482685,0.6421835084335719,0.6317227494966926,0.587029893924783,0.6395815358067299,0.6172537177079632,0.6584712141974995,0.6764164509634742,0.678592938469607,0.6911527855318141,0.6763475105313912,0.6776747195858499,0.6751264612833917,0.6496832123703666,0.6472208123974352,0.6360262396589352,0.6650844203082441,0.6641129100475393,0.6472715660897663,0.6337393628719823],[0.9332297112114907,0.9708855673416907,1.0,0.9739798507841445,0.9291520749801214,0.949721277639615,0.9523215584767125,0.8759812380517349,0.9614809081527348,0.9309973946437937,0.948114923277335,0.8337190613950498,0.7900607352518229,0.6607259469793094,0.6650958398890185,0.6498946860884129,0.6093192238068653,0.6613134209680421,0.6344439933005126,0.6600868734033735,0.6758188262362753,0.6797040213842224,0.6982790268825391,0.6877298719315164,0.6932002740699386,0.6677887462146205,0.6424766110067841,0.6615473109002014,0.6492716845150485,0.6666510176115312,0.6683889086264359,0.6497132416383292,0.6327369774484427],[0.939106988783434,0.9752524996193473,0.9739798507841445,1.0,0.9388836725371771,0.9572294405251316,0.9581332791960615,0.8727494966925511,0.963230218748414,0.9309115363142668,0.9433356172494882,0.8243664247407332,0.7826045949009457,0.654962442267675,0.6622764722800251,0.6549615963728028,0.6046494611649664,0.665248523913448,0.6364919047860732,0.6705391733915309,0.6921052631578948,0.684660119440356,0.7005244548207549,0.6911337528971899,0.6905225938520361,0.6710268317853457,0.6463567307854979,0.6644148945169095,0.650995195317126,0.67467094689472,0.6758683110862982,0.6570331929147846,0.6430310950955015],[0.9365841073271414,0.9377996582584717,0.9291520749801214,0.9388836725371771,1.0,0.9635909929114009,0.9689772285100408,0.8973531949449323,0.9401605508467408,0.9412513322844237,0.9424799945862729,0.8884564956267235,0.864636518973422,0.7667072696205316,0.7600568441354109,0.7594084657158808,0.7133554111894974,0.7469048706626741,0.7338235294117647,0.7993122874689134,0.7905691180700063,0.7869512257016698,0.798160178652997,0.7953086670388604,0.793234109864826,0.7656905039841648,0.7453044375644995,0.7776239658935188,0.7699297061361214,0.7860791080884467,0.7785003129811027,0.7951052293220998,0.7654726860545772],[0.9511406892351418,0.9574193439239371,0.949721277639615,0.9572294405251316,0.9635909929114009,1.0,0.9899744539748601,0.9076680370163596,0.9643797898797137,0.9568470960429037,0.9542705002622274,0.8892503679642694,0.8591136713529243,0.7548012992945237,0.7563979258657734,0.7495389872946591,0.7002579979360165,0.7449571977194674,0.7287468913363447,0.7668654519616303,0.7749598199935712,0.7814884366170972,0.7910804615202423,0.7847434400852662,0.7809618670591619,0.751150417026172,0.7271481500279146,0.7569794785904008,0.7482959447799827,0.7679642694005989,0.7617346766143903,0.7569253413185809,0.7374439594647177],[0.9508154426567866,0.9576316635368557,0.9523215584767125,0.9581332791960615,0.9689772285100408,0.9899744539748601,1.0,0.9046997919098615,0.9570090849109273,0.949141416704732,0.9543495914327768,0.8836886091796512,0.8596698472313861,0.7528434756128508,0.7515585613020014,0.7415668510717488,0.699986465682045,0.7370489265594072,0.7222389991371873,0.7675337089106565,0.7764469031788729,0.7784630936067266,0.7927764807389738,0.7814977414606913,0.7805871356307839,0.7541305046608807,0.7385220524793179,0.7620802246696781,0.7520741342265983,0.7724805021231961,0.771497995229153,0.763458610363904,0.7465677815561083],[0.8934870324316094,0.8690034512510785,0.8759812380517349,0.8727494966925511,0.8973531949449323,0.9076680370163596,0.9046997919098615,1.0,0.8949897646720466,0.9112470182205755,0.9019633219983421,0.8164319308396353,0.7955328291799895,0.7048706626740429,0.7004242162784009,0.7071803786225448,0.6909078989663164,0.7063590147016529,0.6802969936896243,0.6962509939264748,0.6948353888578728,0.7008716946657869,0.7128487201610584,0.7157949720008797,0.7141014904667647,0.6679168992877565,0.6440867718959887,0.696635453145883,0.6832144851037913,0.7040450692787901,0.68755519464041,0.6952642575580706,0.6654392732071258],[0.9355026307330525,0.9562634285810959,0.9614809081527348,0.963230218748414,0.9401605508467408,0.9643797898797137,0.9570090849109273,0.8949897646720466,1.0,0.9419745724001422,0.9502068212962493,0.8577069481804801,0.8177874773723122,0.6923277335092795,0.6971497572281716,0.6915672740191849,0.6388511055845979,0.7103858972406909,0.6831455446717082,0.7030701754385965,0.7138621022179363,0.7180036035121555,0.731099324975892,0.7322247881033345,0.7251759461334145,0.6919170515488335,0.6672359539156474,0.7078308717792553,0.6882116090612259,0.7113544468693431,0.7091132484054882,0.694370569625607,0.6741672164983336],[0.9383642930856553,0.923393222690284,0.9309973946437937,0.9309115363142668,0.9412513322844237,0.9568470960429037,0.949141416704732,0.9112470182205755,0.9419745724001422,1.0,0.9580592633947453,0.876374156219865,0.8425002960632053,0.7510248016376525,0.7564901284068416,0.7455527077094859,0.6931131468981035,0.7497999458627281,0.724488233602328,0.7426013805004315,0.7370104383427227,0.740490026899457,0.7525571401986161,0.7566098225312559,0.7495914327767345,0.710294963541931,0.6753083286809115,0.7252888730988513,0.7172905141349033,0.728825982506894,0.7163354988242061,0.7272031331946066,0.6956525233044037],[0.9328088785125784,0.9322886531661845,0.948114923277335,0.9433356172494882,0.9424799945862729,0.9542705002622274,0.9543495914327768,0.9019633219983421,0.9502068212962493,0.9580592633947453,1.0,0.876168603765924,0.8437678695291749,0.7386294811280854,0.7371191358337986,0.7260074607927727,0.6780689065962883,0.7467399211625979,0.720192356493935,0.7215978108240708,0.7217597996920943,0.7313031856400887,0.7474107157962409,0.7412479487049349,0.7406850056674956,0.7109957874435365,0.6892655940719687,0.7234537041736453,0.7097886954609282,0.7236554501006615,0.718293745453315,0.7134209680420918,0.6929029420223655],[0.8459502782994129,0.8107673958280465,0.8337190613950498,0.8243664247407332,0.8884564956267235,0.8892503679642694,0.8836886091796512,0.8164319308396353,0.8577069481804801,0.876374156219865,0.876168603765924,1.0,0.9602357509008781,0.8599033142161092,0.8634975215280245,0.857327564330305,0.8138324958974099,0.8342976534876245,0.8229770424131689,0.8638481449525452,0.8595112419428513,0.8620218579234973,0.870758683110863,0.8778976128846707,0.8687183846791521,0.8410263242484224,0.8018842308277927,0.8446827048334433,0.846617266406131,0.836555346901487,0.8303862355986398,0.8370886836183999,0.8247322742729534],[0.7939078651305216,0.7677214975722817,0.7900607352518229,0.7826045949009457,0.864636518973422,0.8591136713529243,0.8596698472313861,0.7955328291799895,0.8177874773723122,0.8425002960632053,0.8437678695291749,0.9602357509008781,1.0,0.9318377911993098,0.92962958263547,0.9196746688321575,0.8938604950176792,0.8965424047099426,0.9050770610228561,0.9162289160703108,0.9160005244548207,0.9251438021282715,0.9330689911857755,0.9371089850953324,0.932646889644555,0.9065941734761204,0.8859924038640478,0.9244366340151245,0.918297974927676,0.9054424876076401,0.9070048554365664,0.8935737366560084,0.8928817946505608],[0.6698476543335194,0.6351372041482685,0.6607259469793094,0.654962442267675,0.7667072696205316,0.7548012992945237,0.7528434756128508,0.7048706626740429,0.6923277335092795,0.7510248016376525,0.7386294811280854,0.8599033142161092,0.9318377911993098,1.0,0.9721628685986905,0.95979715440965,0.9477249657412576,0.9230874316939891,0.9482396927709824,0.9368890524285641,0.9233424689979529,0.9358921653216938,0.9380331252431948,0.944786749902722,0.9468837232908695,0.9074497961393359,0.903250773993808,0.9499813903128119,0.9526315789473684,0.9279728975282951,0.9237163545314588,0.9277500042294744,0.9214810773317093],[0.6740234143700621,0.6421835084335719,0.6650958398890185,0.6622764722800251,0.7600568441354109,0.7563979258657734,0.7515585613020014,0.7004242162784009,0.6971497572281716,0.7564901284068416,0.7371191358337986,0.8634975215280245,0.92962958263547,0.9721628685986905,1.0,0.9608638278434756,0.9332305571063628,0.9423590316195504,0.9324404912957418,0.9285696763606219,0.924758074066555,0.9426897765145748,0.9449237848720161,0.9521231961291851,0.9513479334788273,0.9146974234042193,0.8812456647887801,0.9247271989037202,0.9333024581704986,0.9052394728383156,0.902478894922939,0.8984685073339086,0.8972301172410293],[0.6717978649613426,0.6317227494966926,0.6498946860884129,0.6549615963728028,0.7594084657158808,0.7495389872946591,0.7415668510717488,0.7071803786225448,0.6915672740191849,0.7455527077094859,0.7260074607927727,0.857327564330305,0.9196746688321575,0.95979715440965,0.9608638278434756,1.0,0.9423488808810841,0.9142427549104197,0.9185360943341961,0.9212074303405573,0.9185225600162412,0.9285434536195841,0.9263508941108799,0.9363210340218917,0.9411878901690098,0.8970148369960581,0.8694467001641036,0.921827048334433,0.9303710094909404,0.9009875822632764,0.8945147947013146,0.8990399093200697,0.8953450405183644],[0.6146517450811213,0.587029893924783,0.6093192238068653,0.6046494611649664,0.7133554111894974,0.7002579979360165,0.699986465682045,0.6909078989663164,0.6388511055845979,0.6931131468981035,0.6780689065962883,0.8138324958974099,0.8938604950176792,0.9477249657412576,0.9332305571063628,0.9423488808810841,1.0,0.8871546634184304,0.9176432522966046,0.892996413405742,0.886362905818065,0.9015391057199411,0.899273799252229,0.9139661472872151,0.9099599891725456,0.872224195976924,0.8634856789998139,0.9183461909353906,0.9162492175472432,0.900538835033582,0.8917466037320881,0.8878021959430882,0.882368590231606],[0.6670139065116987,0.6395815358067299,0.6613134209680421,0.665248523913448,0.7469048706626741,0.7449571977194674,0.7370489265594072,0.7063590147016529,0.7103858972406909,0.7497999458627281,0.7467399211625979,0.8342976534876245,0.8965424047099426,0.9230874316939891,0.9423590316195504,0.9142427549104197,0.8871546634184304,1.0,0.9427752118966655,0.8889361180192525,0.885829146153716,0.9024158757549612,0.904834712141975,0.9150810367287554,0.9123665600839128,0.882514507097058,0.8525863235717065,0.8916345226615237,0.8967733340100492,0.864659358134971,0.8676254885042887,0.860121555093133,0.8603017307009085],[0.6469530866703886,0.6172537177079632,0.6344439933005126,0.6364919047860732,0.7338235294117647,0.7287468913363447,0.7222389991371873,0.6802969936896243,0.6831455446717082,0.724488233602328,0.720192356493935,0.8229770424131689,0.9050770610228561,0.9482396927709824,0.9324404912957418,0.9185360943341961,0.9176432522966046,0.9427752118966655,1.0,0.9055985552115583,0.9025355698793754,0.9095649562672351,0.9067684278197905,0.917389483834949,0.9173915985721295,0.8854780997817592,0.8812266321541559,0.9369727960209105,0.9279792417398366,0.8962319612918507,0.8979009118746722,0.8957066605762236,0.8973261263090223],[0.6907015006175032,0.6584712141974995,0.6600868734033735,0.6705391733915309,0.7993122874689134,0.7668654519616303,0.7675337089106565,0.6962509939264748,0.7030701754385965,0.7426013805004315,0.7215978108240708,0.8638481449525452,0.9162289160703108,0.9368890524285641,0.9285696763606219,0.9212074303405573,0.892996413405742,0.8889361180192525,0.9055985552115583,1.0,0.9636776971358,0.9542421627840092,0.9522889915241334,0.9577475511343451,0.9592841191696696,0.9335972525334552,0.9123999729313641,0.9512121673518416,0.963896783907696,0.940280244971155,0.9368750951631731,0.9624515725185674,0.9593031518042937],[0.6885516587998444,0.6764164509634742,0.6758188262362753,0.6921052631578948,0.7905691180700063,0.7749598199935712,0.7764469031788729,0.6948353888578728,0.7138621022179363,0.7370104383427227,0.7217597996920943,0.8595112419428513,0.9160005244548207,0.9233424689979529,0.924758074066555,0.9185225600162412,0.886362905818065,0.885829146153716,0.9025355698793754,0.9636776971358,1.0,0.9688406164881829,0.9670261719873454,0.9583578642846267,0.9698425789642863,0.9515175354007004,0.9282740361027931,0.9427147304133042,0.964088802043682,0.933706372971967,0.9384433842562047,0.9370772640376254,0.9628051565751409],[0.6864880982591484,0.678592938469607,0.6797040213842224,0.684660119440356,0.7869512257016698,0.7814884366170972,0.7784630936067266,0.7008716946657869,0.7180036035121555,0.740490026899457,0.7313031856400887,0.8620218579234973,0.9251438021282715,0.9358921653216938,0.9426897765145748,0.9285434536195841,0.9015391057199411,0.9024158757549612,0.9095649562672351,0.9542421627840092,0.9688406164881829,1.0,0.9937403779458289,0.9683136239828114,0.9772225887766668,0.958897968160517,0.9283171767412746,0.9482790268825391,0.9575800639496523,0.9537189768055626,0.9581286267742645,0.9295018525097701,0.9403221167673281],[0.6964624676445211,0.6911527855318141,0.6982790268825391,0.7005244548207549,0.798160178652997,0.7910804615202423,0.7927764807389738,0.7128487201610584,0.731099324975892,0.7525571401986161,0.7474107157962409,0.870758683110863,0.9330689911857755,0.9380331252431948,0.9449237848720161,0.9263508941108799,0.899273799252229,0.904834712141975,0.9067684278197905,0.9522889915241334,0.9670261719873454,0.9937403779458289,1.0,0.9715216802855741,0.9780854015462959,0.957930264426737,0.9276167757871052,0.9515733644622646,0.9566774941210306,0.9555376507807609,0.9640541203539225,0.928026611852679,0.9373530257659578],[0.6996443012062461,0.6763475105313912,0.6877298719315164,0.6911337528971899,0.7953086670388604,0.7847434400852662,0.7814977414606913,0.7157949720008797,0.7322247881033345,0.7566098225312559,0.7412479487049349,0.8778976128846707,0.9371089850953324,0.944786749902722,0.9521231961291851,0.9363210340218917,0.9139661472872151,0.9150810367287554,0.917389483834949,0.9577475511343451,0.9583578642846267,0.9683136239828114,0.9715216802855741,1.0,0.9706326447749074,0.9402142651711245,0.9088231064643286,0.9573677443367339,0.9582851173256187,0.9420604307296689,0.9433715677815561,0.9329492970613612,0.9352408262701112],[0.693220575546871,0.6776747195858499,0.6932002740699386,0.6905225938520361,0.793234109864826,0.7809618670591619,0.7805871356307839,0.7141014904667647,0.7251759461334145,0.7495914327767345,0.7406850056674956,0.8687183846791521,0.932646889644555,0.9468837232908695,0.9513479334788273,0.9411878901690098,0.9099599891725456,0.9123665600839128,0.9173915985721295,0.9592841191696696,0.9698425789642863,0.9772225887766668,0.9780854015462959,0.9706326447749074,1.0,0.9530976670219425,0.9230705137965454,0.9535954761542236,0.9737358101135191,0.938801197787139,0.9432611785007359,0.9339631020656752,0.9431858938571115],[0.6622582855402731,0.6751264612833917,0.6677887462146205,0.6710268317853457,0.7656905039841648,0.751150417026172,0.7541305046608807,0.6679168992877565,0.6919170515488335,0.710294963541931,0.7109957874435365,0.8410263242484224,0.9065941734761204,0.9074497961393359,0.9146974234042193,0.8970148369960581,0.872224195976924,0.882514507097058,0.8854780997817592,0.9335972525334552,0.9515175354007004,0.958897968160517,0.957930264426737,0.9402142651711245,0.9530976670219425,1.0,0.9668519176436753,0.9236698303134886,0.9346178246967467,0.915216379908305,0.9230151076824172,0.9033856942259216,0.9297120573855081],[0.6294049975469048,0.6496832123703666,0.6424766110067841,0.6463567307854979,0.7453044375644995,0.7271481500279146,0.7385220524793179,0.6440867718959887,0.6672359539156474,0.6753083286809115,0.6892655940719687,0.8018842308277927,0.8859924038640478,0.903250773993808,0.8812456647887801,0.8694467001641036,0.8634856789998139,0.8525863235717065,0.8812266321541559,0.9123999729313641,0.9282740361027931,0.9283171767412746,0.9276167757871052,0.9088231064643286,0.9230705137965454,0.9668519176436753,1.0,0.9378136155238627,0.9408567223265493,0.9296748380111319,0.9402316060160043,0.9198062054847823,0.9520990881253277],[0.6710001860968718,0.6472208123974352,0.6615473109002014,0.6644148945169095,0.7776239658935188,0.7569794785904008,0.7620802246696781,0.696635453145883,0.7078308717792553,0.7252888730988513,0.7234537041736453,0.8446827048334433,0.9244366340151245,0.9499813903128119,0.9247271989037202,0.921827048334433,0.9183461909353906,0.8916345226615237,0.9369727960209105,0.9512121673518416,0.9427147304133042,0.9482790268825391,0.9515733644622646,0.9573677443367339,0.9535954761542236,0.9236698303134886,0.9378136155238627,1.0,0.9740521747957164,0.964271515336074,0.9683005126122926,0.9621584699453551,0.9610452722935594],[0.6572480502123196,0.6360262396589352,0.6492716845150485,0.650995195317126,0.7699297061361214,0.7482959447799827,0.7520741342265983,0.6832144851037913,0.6882116090612259,0.7172905141349033,0.7097886954609282,0.846617266406131,0.918297974927676,0.9526315789473684,0.9333024581704986,0.9303710094909404,0.9162492175472432,0.8967733340100492,0.9279792417398366,0.963896783907696,0.964088802043682,0.9575800639496523,0.9566774941210306,0.9582851173256187,0.9737358101135191,0.9346178246967467,0.9408567223265493,0.9740521747957164,1.0,0.9601185944610804,0.960253514693194,0.9663828689370485,0.9768838078803567],[0.6716675971510261,0.6650844203082441,0.6666510176115312,0.67467094689472,0.7860791080884467,0.7679642694005989,0.7724805021231961,0.7040450692787901,0.7113544468693431,0.728825982506894,0.7236554501006615,0.836555346901487,0.9054424876076401,0.9279728975282951,0.9052394728383156,0.9009875822632764,0.900538835033582,0.864659358134971,0.8962319612918507,0.940280244971155,0.933706372971967,0.9537189768055626,0.9555376507807609,0.9420604307296689,0.938801197787139,0.915216379908305,0.9296748380111319,0.964271515336074,0.9601185944610804,1.0,0.9909823377150687,0.9572565091610414,0.9563683195452469],[0.6605309682112707,0.6641129100475393,0.6683889086264359,0.6758683110862982,0.7785003129811027,0.7617346766143903,0.771497995229153,0.68755519464041,0.7091132484054882,0.7163354988242061,0.718293745453315,0.8303862355986398,0.9070048554365664,0.9237163545314588,0.902478894922939,0.8945147947013146,0.8917466037320881,0.8676254885042887,0.8979009118746722,0.9368750951631731,0.9384433842562047,0.9581286267742645,0.9640541203539225,0.9433715677815561,0.9432611785007359,0.9230151076824172,0.9402316060160043,0.9683005126122926,0.960253514693194,0.9909823377150687,1.0,0.948273951513306,0.9555317295166557],[0.6801214705036458,0.6472715660897663,0.6497132416383292,0.6570331929147846,0.7951052293220998,0.7569253413185809,0.763458610363904,0.6952642575580706,0.694370569625607,0.7272031331946066,0.7134209680420918,0.8370886836183999,0.8935737366560084,0.9277500042294744,0.8984685073339086,0.8990399093200697,0.8878021959430882,0.860121555093133,0.8957066605762236,0.9624515725185674,0.9370772640376254,0.9295018525097701,0.928026611852679,0.9329492970613612,0.9339631020656752,0.9033856942259216,0.9198062054847823,0.9621584699453551,0.9663828689370485,0.9572565091610414,0.948273951513306,1.0,0.9694538902705172],[0.6518740800893265,0.6337393628719823,0.6327369774484427,0.6430310950955015,0.7654726860545772,0.7374439594647177,0.7465677815561083,0.6654392732071258,0.6741672164983336,0.6956525233044037,0.6929029420223655,0.8247322742729534,0.8928817946505608,0.9214810773317093,0.8972301172410293,0.8953450405183644,0.882368590231606,0.8603017307009085,0.8973261263090223,0.9593031518042937,0.9628051565751409,0.9403221167673281,0.9373530257659578,0.9352408262701112,0.9431858938571115,0.9297120573855081,0.9520990881253277,0.9610452722935594,0.9768838078803567,0.9563683195452469,0.9555317295166557,0.9694538902705172,1.0]],"zmid":0.5,"type":"heatmap"}],                        {"template":{"data":{"histogram2dcontour":[{"type":"histogram2dcontour","colorbar":{"outlinewidth":0,"ticks":""},"colorscale":[[0.0,"#0d0887"],[0.1111111111111111,"#46039f"],[0.2222222222222222,"#7201a8"],[0.3333333333333333,"#9c179e"],[0.4444444444444444,"#bd3786"],[0.5555555555555556,"#d8576b"],[0.6666666666666666,"#ed7953"],[0.7777777777777778,"#fb9f3a"],[0.8888888888888888,"#fdca26"],[1.0,"#f0f921"]]}],"choropleth":[{"type":"choropleth","colorbar":{"outlinewidth":0,"ticks":""}}],"histogram2d":[{"type":"histogram2d","colorbar":{"outlinewidth":0,"ticks":""},"colorscale":[[0.0,"#0d0887"],[0.1111111111111111,"#46039f"],[0.2222222222222222,"#7201a8"],[0.3333333333333333,"#9c179e"],[0.4444444444444444,"#bd3786"],[0.5555555555555556,"#d8576b"],[0.6666666666666666,"#ed7953"],[0.7777777777777778,"#fb9f3a"],[0.8888888888888888,"#fdca26"],[1.0,"#f0f921"]]}],"heatmap":[{"type":"heatmap","colorbar":{"outlinewidth":0,"ticks":""},"colorscale":[[0.0,"#0d0887"],[0.1111111111111111,"#46039f"],[0.2222222222222222,"#7201a8"],[0.3333333333333333,"#9c179e"],[0.4444444444444444,"#bd3786"],[0.5555555555555556,"#d8576b"],[0.6666666666666666,"#ed7953"],[0.7777777777777778,"#fb9f3a"],[0.8888888888888888,"#fdca26"],[1.0,"#f0f921"]]}],"heatmapgl":[{"type":"heatmapgl","colorbar":{"outlinewidth":0,"ticks":""},"colorscale":[[0.0,"#0d0887"],[0.1111111111111111,"#46039f"],[0.2222222222222222,"#7201a8"],[0.3333333333333333,"#9c179e"],[0.4444444444444444,"#bd3786"],[0.5555555555555556,"#d8576b"],[0.6666666666666666,"#ed7953"],[0.7777777777777778,"#fb9f3a"],[0.8888888888888888,"#fdca26"],[1.0,"#f0f921"]]}],"contourcarpet":[{"type":"contourcarpet","colorbar":{"outlinewidth":0,"ticks":""}}],"contour":[{"type":"contour","colorbar":{"outlinewidth":0,"ticks":""},"colorscale":[[0.0,"#0d0887"],[0.1111111111111111,"#46039f"],[0.2222222222222222,"#7201a8"],[0.3333333333333333,"#9c179e"],[0.4444444444444444,"#bd3786"],[0.5555555555555556,"#d8576b"],[0.6666666666666666,"#ed7953"],[0.7777777777777778,"#fb9f3a"],[0.8888888888888888,"#fdca26"],[1.0,"#f0f921"]]}],"surface":[{"type":"surface","colorbar":{"outlinewidth":0,"ticks":""},"colorscale":[[0.0,"#0d0887"],[0.1111111111111111,"#46039f"],[0.2222222222222222,"#7201a8"],[0.3333333333333333,"#9c179e"],[0.4444444444444444,"#bd3786"],[0.5555555555555556,"#d8576b"],[0.6666666666666666,"#ed7953"],[0.7777777777777778,"#fb9f3a"],[0.8888888888888888,"#fdca26"],[1.0,"#f0f921"]]}],"mesh3d":[{"type":"mesh3d","colorbar":{"outlinewidth":0,"ticks":""}}],"scatter":[{"fillpattern":{"fillmode":"overlay","size":10,"solidity":0.2},"type":"scatter"}],"parcoords":[{"type":"parcoords","line":{"colorbar":{"outlinewidth":0,"ticks":""}}}],"scatterpolargl":[{"type":"scatterpolargl","marker":{"colorbar":{"outlinewidth":0,"ticks":""}}}],"bar":[{"error_x":{"color":"#2a3f5f"},"error_y":{"color":"#2a3f5f"},"marker":{"line":{"color":"#E5ECF6","width":0.5},"pattern":{"fillmode":"overlay","size":10,"solidity":0.2}},"type":"bar"}],"scattergeo":[{"type":"scattergeo","marker":{"colorbar":{"outlinewidth":0,"ticks":""}}}],"scatterpolar":[{"type":"scatterpolar","marker":{"colorbar":{"outlinewidth":0,"ticks":""}}}],"histogram":[{"marker":{"pattern":{"fillmode":"overlay","size":10,"solidity":0.2}},"type":"histogram"}],"scattergl":[{"type":"scattergl","marker":{"colorbar":{"outlinewidth":0,"ticks":""}}}],"scatter3d":[{"type":"scatter3d","line":{"colorbar":{"outlinewidth":0,"ticks":""}},"marker":{"colorbar":{"outlinewidth":0,"ticks":""}}}],"scattermapbox":[{"type":"scattermapbox","marker":{"colorbar":{"outlinewidth":0,"ticks":""}}}],"scatterternary":[{"type":"scatterternary","marker":{"colorbar":{"outlinewidth":0,"ticks":""}}}],"scattercarpet":[{"type":"scattercarpet","marker":{"colorbar":{"outlinewidth":0,"ticks":""}}}],"carpet":[{"aaxis":{"endlinecolor":"#2a3f5f","gridcolor":"white","linecolor":"white","minorgridcolor":"white","startlinecolor":"#2a3f5f"},"baxis":{"endlinecolor":"#2a3f5f","gridcolor":"white","linecolor":"white","minorgridcolor":"white","startlinecolor":"#2a3f5f"},"type":"carpet"}],"table":[{"cells":{"fill":{"color":"#EBF0F8"},"line":{"color":"white"}},"header":{"fill":{"color":"#C8D4E3"},"line":{"color":"white"}},"type":"table"}],"barpolar":[{"marker":{"line":{"color":"#E5ECF6","width":0.5},"pattern":{"fillmode":"overlay","size":10,"solidity":0.2}},"type":"barpolar"}],"pie":[{"automargin":true,"type":"pie"}]},"layout":{"autotypenumbers":"strict","colorway":["#636efa","#EF553B","#00cc96","#ab63fa","#FFA15A","#19d3f3","#FF6692","#B6E880","#FF97FF","#FECB52"],"font":{"color":"#2a3f5f"},"hovermode":"closest","hoverlabel":{"align":"left"},"paper_bgcolor":"white","plot_bgcolor":"#E5ECF6","polar":{"bgcolor":"#E5ECF6","angularaxis":{"gridcolor":"white","linecolor":"white","ticks":""},"radialaxis":{"gridcolor":"white","linecolor":"white","ticks":""}},"ternary":{"bgcolor":"#E5ECF6","aaxis":{"gridcolor":"white","linecolor":"white","ticks":""},"baxis":{"gridcolor":"white","linecolor":"white","ticks":""},"caxis":{"gridcolor":"white","linecolor":"white","ticks":""}},"coloraxis":{"colorbar":{"outlinewidth":0,"ticks":""}},"colorscale":{"sequential":[[0.0,"#0d0887"],[0.1111111111111111,"#46039f"],[0.2222222222222222,"#7201a8"],[0.3333333333333333,"#9c179e"],[0.4444444444444444,"#bd3786"],[0.5555555555555556,"#d8576b"],[0.6666666666666666,"#ed7953"],[0.7777777777777778,"#fb9f3a"],[0.8888888888888888,"#fdca26"],[1.0,"#f0f921"]],"sequentialminus":[[0.0,"#0d0887"],[0.1111111111111111,"#46039f"],[0.2222222222222222,"#7201a8"],[0.3333333333333333,"#9c179e"],[0.4444444444444444,"#bd3786"],[0.5555555555555556,"#d8576b"],[0.6666666666666666,"#ed7953"],[0.7777777777777778,"#fb9f3a"],[0.8888888888888888,"#fdca26"],[1.0,"#f0f921"]],"diverging":[[0,"#8e0152"],[0.1,"#c51b7d"],[0.2,"#de77ae"],[0.3,"#f1b6da"],[0.4,"#fde0ef"],[0.5,"#f7f7f7"],[0.6,"#e6f5d0"],[0.7,"#b8e186"],[0.8,"#7fbc41"],[0.9,"#4d9221"],[1,"#276419"]]},"xaxis":{"gridcolor":"white","linecolor":"white","ticks":"","title":{"standoff":15},"zerolinecolor":"white","automargin":true,"zerolinewidth":2},"yaxis":{"gridcolor":"white","linecolor":"white","ticks":"","title":{"standoff":15},"zerolinecolor":"white","automargin":true,"zerolinewidth":2},"scene":{"xaxis":{"backgroundcolor":"#E5ECF6","gridcolor":"white","linecolor":"white","showbackground":true,"ticks":"","zerolinecolor":"white","gridwidth":2},"yaxis":{"backgroundcolor":"#E5ECF6","gridcolor":"white","linecolor":"white","showbackground":true,"ticks":"","zerolinecolor":"white","gridwidth":2},"zaxis":{"backgroundcolor":"#E5ECF6","gridcolor":"white","linecolor":"white","showbackground":true,"ticks":"","zerolinecolor":"white","gridwidth":2}},"shapedefaults":{"line":{"color":"#2a3f5f"}},"annotationdefaults":{"arrowcolor":"#2a3f5f","arrowhead":0,"arrowwidth":1},"geo":{"bgcolor":"white","landcolor":"#E5ECF6","subunitcolor":"white","showland":true,"showlakes":true,"lakecolor":"white"},"title":{"x":0.05},"mapbox":{"style":"light"}}},"shapes":[{"fillcolor":"green","line":{"color":"green","width":0},"type":"rect","x0":-0.5,"x1":0.5,"y0":33.5,"y1":34.5},{"fillcolor":"green","line":{"color":"green","width":0},"type":"rect","x0":-1.5,"x1":-0.5,"y0":-0.5,"y1":0.5},{"fillcolor":"green","line":{"color":"green","width":0},"type":"rect","x0":0.5,"x1":1.5,"y0":33.5,"y1":34.5},{"fillcolor":"green","line":{"color":"green","width":0},"type":"rect","x0":-1.5,"x1":-0.5,"y0":0.5,"y1":1.5},{"fillcolor":"green","line":{"color":"green","width":0},"type":"rect","x0":1.5,"x1":2.5,"y0":33.5,"y1":34.5},{"fillcolor":"green","line":{"color":"green","width":0},"type":"rect","x0":-1.5,"x1":-0.5,"y0":1.5,"y1":2.5},{"fillcolor":"green","line":{"color":"green","width":0},"type":"rect","x0":2.5,"x1":3.5,"y0":33.5,"y1":34.5},{"fillcolor":"green","line":{"color":"green","width":0},"type":"rect","x0":-1.5,"x1":-0.5,"y0":2.5,"y1":3.5},{"fillcolor":"green","line":{"color":"green","width":0},"type":"rect","x0":3.5,"x1":4.5,"y0":33.5,"y1":34.5},{"fillcolor":"green","line":{"color":"green","width":0},"type":"rect","x0":-1.5,"x1":-0.5,"y0":3.5,"y1":4.5},{"fillcolor":"green","line":{"color":"green","width":0},"type":"rect","x0":4.5,"x1":5.5,"y0":33.5,"y1":34.5},{"fillcolor":"green","line":{"color":"green","width":0},"type":"rect","x0":-1.5,"x1":-0.5,"y0":4.5,"y1":5.5},{"fillcolor":"green","line":{"color":"green","width":0},"type":"rect","x0":5.5,"x1":6.5,"y0":33.5,"y1":34.5},{"fillcolor":"green","line":{"color":"green","width":0},"type":"rect","x0":-1.5,"x1":-0.5,"y0":5.5,"y1":6.5},{"fillcolor":"green","line":{"color":"green","width":0},"type":"rect","x0":6.5,"x1":7.5,"y0":33.5,"y1":34.5},{"fillcolor":"green","line":{"color":"green","width":0},"type":"rect","x0":-1.5,"x1":-0.5,"y0":6.5,"y1":7.5},{"fillcolor":"green","line":{"color":"green","width":0},"type":"rect","x0":7.5,"x1":8.5,"y0":33.5,"y1":34.5},{"fillcolor":"green","line":{"color":"green","width":0},"type":"rect","x0":-1.5,"x1":-0.5,"y0":7.5,"y1":8.5},{"fillcolor":"green","line":{"color":"green","width":0},"type":"rect","x0":8.5,"x1":9.5,"y0":33.5,"y1":34.5},{"fillcolor":"green","line":{"color":"green","width":0},"type":"rect","x0":-1.5,"x1":-0.5,"y0":8.5,"y1":9.5},{"fillcolor":"green","line":{"color":"green","width":0},"type":"rect","x0":9.5,"x1":10.5,"y0":33.5,"y1":34.5},{"fillcolor":"green","line":{"color":"green","width":0},"type":"rect","x0":-1.5,"x1":-0.5,"y0":9.5,"y1":10.5},{"fillcolor":"orange","line":{"color":"orange","width":0},"type":"rect","x0":10.5,"x1":11.5,"y0":33.5,"y1":34.5},{"fillcolor":"orange","line":{"color":"orange","width":0},"type":"rect","x0":-1.5,"x1":-0.5,"y0":10.5,"y1":11.5},{"fillcolor":"purple","line":{"color":"purple","width":0},"type":"rect","x0":11.5,"x1":12.5,"y0":33.5,"y1":34.5},{"fillcolor":"purple","line":{"color":"purple","width":0},"type":"rect","x0":-1.5,"x1":-0.5,"y0":11.5,"y1":12.5},{"fillcolor":"purple","line":{"color":"purple","width":0},"type":"rect","x0":12.5,"x1":13.5,"y0":33.5,"y1":34.5},{"fillcolor":"purple","line":{"color":"purple","width":0},"type":"rect","x0":-1.5,"x1":-0.5,"y0":12.5,"y1":13.5},{"fillcolor":"orange","line":{"color":"orange","width":0},"type":"rect","x0":13.5,"x1":14.5,"y0":33.5,"y1":34.5},{"fillcolor":"orange","line":{"color":"orange","width":0},"type":"rect","x0":-1.5,"x1":-0.5,"y0":13.5,"y1":14.5},{"fillcolor":"orange","line":{"color":"orange","width":0},"type":"rect","x0":14.5,"x1":15.5,"y0":33.5,"y1":34.5},{"fillcolor":"orange","line":{"color":"orange","width":0},"type":"rect","x0":-1.5,"x1":-0.5,"y0":14.5,"y1":15.5},{"fillcolor":"purple","line":{"color":"purple","width":0},"type":"rect","x0":15.5,"x1":16.5,"y0":33.5,"y1":34.5},{"fillcolor":"purple","line":{"color":"purple","width":0},"type":"rect","x0":-1.5,"x1":-0.5,"y0":15.5,"y1":16.5},{"fillcolor":"orange","line":{"color":"orange","width":0},"type":"rect","x0":16.5,"x1":17.5,"y0":33.5,"y1":34.5},{"fillcolor":"orange","line":{"color":"orange","width":0},"type":"rect","x0":-1.5,"x1":-0.5,"y0":16.5,"y1":17.5},{"fillcolor":"purple","line":{"color":"purple","width":0},"type":"rect","x0":17.5,"x1":18.5,"y0":33.5,"y1":34.5},{"fillcolor":"purple","line":{"color":"purple","width":0},"type":"rect","x0":-1.5,"x1":-0.5,"y0":17.5,"y1":18.5},{"fillcolor":"orange","line":{"color":"orange","width":0},"type":"rect","x0":18.5,"x1":19.5,"y0":33.5,"y1":34.5},{"fillcolor":"orange","line":{"color":"orange","width":0},"type":"rect","x0":-1.5,"x1":-0.5,"y0":18.5,"y1":19.5},{"fillcolor":"orange","line":{"color":"orange","width":0},"type":"rect","x0":19.5,"x1":20.5,"y0":33.5,"y1":34.5},{"fillcolor":"orange","line":{"color":"orange","width":0},"type":"rect","x0":-1.5,"x1":-0.5,"y0":19.5,"y1":20.5},{"fillcolor":"orange","line":{"color":"orange","width":0},"type":"rect","x0":20.5,"x1":21.5,"y0":33.5,"y1":34.5},{"fillcolor":"orange","line":{"color":"orange","width":0},"type":"rect","x0":-1.5,"x1":-0.5,"y0":20.5,"y1":21.5},{"fillcolor":"orange","line":{"color":"orange","width":0},"type":"rect","x0":21.5,"x1":22.5,"y0":33.5,"y1":34.5},{"fillcolor":"orange","line":{"color":"orange","width":0},"type":"rect","x0":-1.5,"x1":-0.5,"y0":21.5,"y1":22.5},{"fillcolor":"orange","line":{"color":"orange","width":0},"type":"rect","x0":22.5,"x1":23.5,"y0":33.5,"y1":34.5},{"fillcolor":"orange","line":{"color":"orange","width":0},"type":"rect","x0":-1.5,"x1":-0.5,"y0":22.5,"y1":23.5},{"fillcolor":"orange","line":{"color":"orange","width":0},"type":"rect","x0":23.5,"x1":24.5,"y0":33.5,"y1":34.5},{"fillcolor":"orange","line":{"color":"orange","width":0},"type":"rect","x0":-1.5,"x1":-0.5,"y0":23.5,"y1":24.5},{"fillcolor":"orange","line":{"color":"orange","width":0},"type":"rect","x0":24.5,"x1":25.5,"y0":33.5,"y1":34.5},{"fillcolor":"orange","line":{"color":"orange","width":0},"type":"rect","x0":-1.5,"x1":-0.5,"y0":24.5,"y1":25.5},{"fillcolor":"purple","line":{"color":"purple","width":0},"type":"rect","x0":25.5,"x1":26.5,"y0":33.5,"y1":34.5},{"fillcolor":"purple","line":{"color":"purple","width":0},"type":"rect","x0":-1.5,"x1":-0.5,"y0":25.5,"y1":26.5},{"fillcolor":"purple","line":{"color":"purple","width":0},"type":"rect","x0":26.5,"x1":27.5,"y0":33.5,"y1":34.5},{"fillcolor":"purple","line":{"color":"purple","width":0},"type":"rect","x0":-1.5,"x1":-0.5,"y0":26.5,"y1":27.5},{"fillcolor":"purple","line":{"color":"purple","width":0},"type":"rect","x0":27.5,"x1":28.5,"y0":33.5,"y1":34.5},{"fillcolor":"purple","line":{"color":"purple","width":0},"type":"rect","x0":-1.5,"x1":-0.5,"y0":27.5,"y1":28.5},{"fillcolor":"purple","line":{"color":"purple","width":0},"type":"rect","x0":28.5,"x1":29.5,"y0":33.5,"y1":34.5},{"fillcolor":"purple","line":{"color":"purple","width":0},"type":"rect","x0":-1.5,"x1":-0.5,"y0":28.5,"y1":29.5},{"fillcolor":"purple","line":{"color":"purple","width":0},"type":"rect","x0":29.5,"x1":30.5,"y0":33.5,"y1":34.5},{"fillcolor":"purple","line":{"color":"purple","width":0},"type":"rect","x0":-1.5,"x1":-0.5,"y0":29.5,"y1":30.5},{"fillcolor":"purple","line":{"color":"purple","width":0},"type":"rect","x0":30.5,"x1":31.5,"y0":33.5,"y1":34.5},{"fillcolor":"purple","line":{"color":"purple","width":0},"type":"rect","x0":-1.5,"x1":-0.5,"y0":30.5,"y1":31.5},{"fillcolor":"purple","line":{"color":"purple","width":0},"type":"rect","x0":31.5,"x1":32.5,"y0":33.5,"y1":34.5},{"fillcolor":"purple","line":{"color":"purple","width":0},"type":"rect","x0":-1.5,"x1":-0.5,"y0":31.5,"y1":32.5}],"xaxis":{"tickmode":"array","tickvals":[0,1,2,3,4,5,6,7,8,9,10,11,12,13,14,15,16,17,18,19,20,21,22,23,24,25,26,27,28,29,30,31,32],"ticktext":["CG-part-aerial","CG-rosette","CG-root","CG-organism-whole","CG-shoot","CG-cell-sperm","CG-nucleus-vegetative","CG-buds-flower-immature","CG-inflorescence","CG-embryo","CG-endosperm","CHG-part-aerial","CHH-part-aerial","CHH-embryo","CHG-embryo","CHG-buds-flower-immature","CHH-buds-flower-immature","CHG-endosperm","CHH-endosperm","CHG-shoot","CHG-organism-whole","CHG-cell-sperm","CHG-nucleus-vegetative","CHG-inflorescence","CHG-root","CHG-rosette","CHH-rosette","CHH-inflorescence","CHH-root","CHH-cell-sperm","CHH-nucleus-vegetative","CHH-shoot","CHH-organism-whole"],"showgrid":false},"yaxis":{"tickmode":"array","tickvals":[0,1,2,3,4,5,6,7,8,9,10,11,12,13,14,15,16,17,18,19,20,21,22,23,24,25,26,27,28,29,30,31,32],"ticktext":["CG-part-aerial","CG-rosette","CG-root","CG-organism-whole","CG-shoot","CG-cell-sperm","CG-nucleus-vegetative","CG-buds-flower-immature","CG-inflorescence","CG-embryo","CG-endosperm","CHG-part-aerial","CHH-part-aerial","CHH-embryo","CHG-embryo","CHG-buds-flower-immature","CHH-buds-flower-immature","CHG-endosperm","CHH-endosperm","CHG-shoot","CHG-organism-whole","CHG-cell-sperm","CHG-nucleus-vegetative","CHG-inflorescence","CHG-root","CHG-rosette","CHH-rosette","CHH-inflorescence","CHH-root","CHH-cell-sperm","CHH-nucleus-vegetative","CHH-shoot","CHH-organism-whole"],"showgrid":false},"margin":{"l":50,"r":20,"t":50,"b":20},"title":{"text":"Hierarchical Clustering Heatmap"},"width":900,"height":900,"showlegend":false},                        {"responsive": true}                    )                };                            </script>        </div>
</body>
</html>