<html>
<head><meta charset="utf-8" /></head>
<body>
    <div>                        <script type="text/javascript">window.PlotlyConfig = {MathJaxConfig: 'local'};</script>
        <script charset="utf-8" src="https://cdn.plot.ly/plotly-2.29.1.min.js"></script>                <div id="794c964b-037c-4897-8cdd-099a146abd04" class="plotly-graph-div" style="height:100%; width:100%;"></div>            <script type="text/javascript">                                    window.PLOTLYENV=window.PLOTLYENV || {};                                    if (document.getElementById("794c964b-037c-4897-8cdd-099a146abd04")) {                    Plotly.newPlot(                        "794c964b-037c-4897-8cdd-099a146abd04",                        [{"colorbar":{"title":{"text":"Spearman Correlation"}},"colorscale":[[0.0,"rgb(103,0,31)"],[0.1,"rgb(178,24,43)"],[0.2,"rgb(214,96,77)"],[0.3,"rgb(244,165,130)"],[0.4,"rgb(253,219,199)"],[0.5,"rgb(247,247,247)"],[0.6,"rgb(209,229,240)"],[0.7,"rgb(146,197,222)"],[0.8,"rgb(67,147,195)"],[0.9,"rgb(33,102,172)"],[1.0,"rgb(5,48,97)"]],"x":["rosette-CHH","aerial-part-CHH","immature-flower-buds-CHG","inflorescence-CHG","whole-organism-CHH","immature-flower-buds-CHH","sperm-cell-CHH","vegetative-nucleus-CHH","endosperm-CHH","inflorescence-CHH","embryo-CHH","shoot-CHH","shoot-CHG","root-CHH","embryo-CHG","endosperm-CHG","endosperm-CpG","aerial-part-CHG","shoot-CpG","root-CHG","sperm-cell-CHG","vegetative-nucleus-CHG","embryo-CpG","vegetative-nucleus-CpG","rosette-CpG","aerial-part-CpG","whole-organism-CHG","inflorescence-CpG","sperm-cell-CpG","rosette-CHG","immature-flower-buds-CpG","root-CpG","whole-organism-CpG"],"y":["rosette-CHH","aerial-part-CHH","immature-flower-buds-CHG","inflorescence-CHG","whole-organism-CHH","immature-flower-buds-CHH","sperm-cell-CHH","vegetative-nucleus-CHH","endosperm-CHH","inflorescence-CHH","embryo-CHH","shoot-CHH","shoot-CHG","root-CHH","embryo-CHG","endosperm-CHG","endosperm-CpG","aerial-part-CHG","shoot-CpG","root-CHG","sperm-cell-CHG","vegetative-nucleus-CHG","embryo-CpG","vegetative-nucleus-CpG","rosette-CpG","aerial-part-CpG","whole-organism-CHG","inflorescence-CpG","sperm-cell-CpG","rosette-CHG","immature-flower-buds-CpG","root-CpG","whole-organism-CpG"],"z":[[1.0,0.7879904204462445,0.7297798367037458,0.7249502991298881,0.8045012806642811,0.7698623170314479,0.8034147965269495,0.8046140900810933,0.7855483739724634,0.8092882835399965,0.804489259988719,0.8045909733973203,0.7735424930881115,0.8154909521299712,0.78313406751921,0.7642921209095028,0.6647609272564196,0.6872072272000148,0.6852940904509602,0.600196954145746,0.539886450849307,0.5471580348969458,-0.13788362136721313,0.18091579054435167,-0.747581720258092,-0.2351271879941191,-0.38284464663837187,-0.4435814215835853,-0.43816934357864756,-0.21649421620571999,-0.5428037763414612,-0.6030643476009505,-0.649749877481576],[0.7879904204462445,1.0,0.794963336939536,0.7922938222974285,0.7709266091523574,0.8595716940830537,0.8719086058790351,0.8770904417135935,0.8867023588264122,0.8931297215826607,0.8888032030477035,0.8669523888781011,0.8557297012399789,0.8612453419882198,0.8593941579516768,0.8280340647452079,0.823076923076923,0.8610511618445265,0.8743691456998345,0.6454427769609883,0.6362173708008544,0.6489195262004493,0.0005289097247265296,0.24416581134936707,-0.8308092927353845,-0.07266868244149167,-0.3521299712428454,-0.311364161742813,-0.359973924380704,-0.4352039353842455,-0.4661553256216076,-0.5615366122037597,-0.6063201013435416],[0.7297798367037458,0.794963336939536,1.0,0.8380232461372021,0.8438532737847559,0.8812893561541235,0.8425929521854513,0.8535715276429304,0.8613091440354332,0.8565267644964724,0.8849797035516473,0.879888485117479,0.8777081195040084,0.8678641108861087,0.9012695682728139,0.8585961700278325,0.7892562900496546,0.6682644918490573,0.7351808187004725,0.7041850444302662,0.6968773983559414,0.7014323097265759,0.03285897898231111,0.3422730172820328,-0.7663005030306262,-0.18387842473670096,-0.24294340111145016,-0.3610317438301571,-0.32189797220449945,-0.4466429951824831,-0.42185543750635707,-0.5123304391245249,-0.5682987045410414],[0.7249502991298881,0.7922938222974285,0.8380232461372021,1.0,0.8140688137442555,0.8203417570529002,0.8267432291233229,0.8244278620766179,0.8335395341525886,0.849226515760955,0.8371475861558805,0.8510749257954451,0.852866931121529,0.8399521022312223,0.8774344179681359,0.827370153587247,0.8201087408804683,0.7484803092087622,0.7679047962495492,0.7177813531582014,0.7529325825034444,0.7485478099253794,0.06777904148982404,0.37781538091671524,-0.7880214721200164,-0.18294728471432403,-0.19462213468704634,-0.30597335108694645,-0.2784654220644123,-0.3605860541670134,-0.4484423978473744,-0.5100539081065587,-0.5344373861503324],[0.8045012806642811,0.7709266091523574,0.8438532737847559,0.8140688137442555,1.0,0.8776822288181827,0.8801335219654729,0.876491257270197,0.8778597649495594,0.8772457858285482,0.9032751717569605,0.9073159680804831,0.889589170295986,0.9011715535336163,0.9057366362451108,0.8764256058882817,0.7542927681766485,0.6183139615523315,0.6817285731458108,0.6525941542530075,0.6786993629041952,0.6560061767779042,-0.049624122721850815,0.2683079512145506,-0.8344016068540144,-0.300360620266859,-0.14773595199127115,-0.46764496472394057,-0.3997475658131987,-0.4397126133873339,-0.4907597991622514,-0.580062322579452,-0.6033066104468917],[0.7698623170314479,0.8595716940830537,0.8812893561541235,0.8203417570529002,0.8776822288181827,1.0,0.9425920275181003,0.9412826985491969,0.9368859052955699,0.9528391911010015,0.9678530148778977,0.9538831405401906,0.9279776600368017,0.934197897306444,0.9295255531822427,0.8795112208383035,0.7763562558369627,0.6424144913867236,0.741445440002959,0.5824988210491275,0.6427649403127225,0.6639222539691346,-0.011968894190315034,0.23978103877130202,-0.8326312234486927,-0.25317207134733277,-0.2980387805486976,-0.4250926979019298,-0.39065901042100104,-0.5313906072290493,-0.4570602975579535,-0.5882770673250298,-0.6204536418023616],[0.8034147965269495,0.8719086058790351,0.8425929521854513,0.8267432291233229,0.8801335219654729,0.9425920275181003,1.0,0.9888022783803526,0.937640433853921,0.9636226617474364,0.9605185534503963,0.9610261958260515,0.936897001303781,0.9292250362931935,0.927962865359187,0.8881374425550408,0.7745198664780345,0.6751504896113623,0.7511673925305371,0.6133984299148382,0.7003670929383154,0.6994396515853422,-0.011296661026195826,0.26322043144978596,-0.854153113279653,-0.23100317160901365,-0.3117210833402683,-0.4021332075785736,-0.3572110183361536,-0.5208521734306083,-0.45590723737135563,-0.589507799569105,-0.6271926174558703],[0.8046140900810933,0.8770904417135935,0.8535715276429304,0.8244278620766179,0.876491257270197,0.9412826985491969,0.9888022783803526,1.0,0.9406345067362016,0.9612388693167633,0.9612971233598713,0.9573626637817045,0.9365391550389748,0.9231795611528752,0.9325686334341221,0.8891277612878767,0.7796878323023292,0.6798265324049673,0.7607552682922318,0.6209742295209298,0.6996883871027398,0.7036025039991863,-0.01751319962643439,0.2699177970725032,-0.8485273467356335,-0.21767224241079272,-0.3198637040324743,-0.4003735656097719,-0.35935809592499096,-0.5104653850777183,-0.4440086178997106,-0.5827568032400344,-0.6281588948375821],[0.7855483739724634,0.8867023588264122,0.8613091440354332,0.8335395341525886,0.8778597649495594,0.9368859052955699,0.937640433853921,0.9406345067362016,1.0,0.9566811839440761,0.9660378928680408,0.9522779180189926,0.9314904713029488,0.9373547116424866,0.9288866080427566,0.9497017947793281,0.7978122370477221,0.6863593072392207,0.7661026195826052,0.6452264048008729,0.6627497757681674,0.6749193227736322,-0.02965500661137156,0.2611972592859719,-0.8472137791286728,-0.24132985658409387,-0.29987979324438035,-0.4255106475445459,-0.3958880042904565,-0.5108842593876853,-0.473246599535817,-0.5942661377569419,-0.6203084690282671],[0.8092882835399965,0.8931297215826607,0.8565267644964724,0.849226515760955,0.8772457858285482,0.9528391911010015,0.9636226617474364,0.9612388693167633,0.9566811839440761,1.0,0.973234578860255,0.9660360435333388,0.9415092420501725,0.9417736969125358,0.9349681452097608,0.8985205322385272,0.8020194734944104,0.6933377717366177,0.7773253072207273,0.6313730385493819,0.6702497526514837,0.681121991363607,-0.011086761537536871,0.26360601773511977,-0.8496720524716045,-0.21281311548170545,-0.30452994535215955,-0.3946776147281016,-0.37739373260469544,-0.4927496833014323,-0.46024485191452374,-0.5804959915670338,-0.6176010430247718],[0.804489259988719,0.8888032030477035,0.8849797035516473,0.8371475861558805,0.9032751717569605,0.9678530148778977,0.9605185534503963,0.9612971233598713,0.9660378928680408,0.973234578860255,1.0,0.9831729035479486,0.9571499902909928,0.9600969051383764,0.9503980692945713,0.9122990004345937,0.7969190083867329,0.6742628089544787,0.7649033260284612,0.6320517443849575,0.6696773835612638,0.6850129915762805,-0.02856297446993444,0.28102767529381306,-0.8527186761229314,-0.2368840559608681,-0.29536279323513365,-0.4221615023995118,-0.37975718235364825,-0.5013158016403598,-0.4704152681072984,-0.5891564259757552,-0.6259674332159005],[0.8045909733973203,0.8669523888781011,0.879888485117479,0.8510749257954451,0.9073159680804831,0.9538831405401906,0.9610261958260515,0.9573626637817045,0.9522779180189926,0.9660360435333388,0.9831729035479486,1.0,0.9602642699288931,0.9615171941893904,0.9415212627257344,0.9061934219164656,0.7919415240367278,0.6617834983864554,0.7519515104441177,0.6306582706871203,0.6751449416072568,0.686413862612925,-0.035001433234393926,0.2890020065281515,-0.8598659769992357,-0.25237130942143565,-0.29570492015497424,-0.4109758014554264,-0.3795186181771108,-0.5146467308385808,-0.4803489694582374,-0.5762998511285565,-0.6248855724153236],[0.7735424930881115,0.8557297012399789,0.8777081195040084,0.852866931121529,0.889589170295986,0.9279776600368017,0.936897001303781,0.9365391550389748,0.9314904713029488,0.9415092420501725,0.9571499902909928,0.9602642699288931,1.0,0.9443562928236567,0.9372881355932203,0.903512811266147,0.7971205858692335,0.6582753104570631,0.7703671854050506,0.6637345464968978,0.681841382562623,0.6929299934348618,-0.027888891971113394,0.2889520744912018,-0.8556302102774667,-0.2531535780003144,-0.277399280608801,-0.4144886127215734,-0.3666000906174004,-0.5192423275726558,-0.4728989246118709,-0.5849038808288718,-0.6099309273488862],[0.8154909521299712,0.8612453419882198,0.8678641108861087,0.8399521022312223,0.9011715535336163,0.934197897306444,0.9292250362931935,0.9231795611528752,0.9373547116424866,0.9417736969125358,0.9600969051383764,0.9615171941893904,0.9443562928236567,1.0,0.9236049081342987,0.8962994812616162,0.7926091338640924,0.6742378429360038,0.7616697643022923,0.698393852811451,0.659764949559396,0.6694582373990957,-0.0409026602679686,0.27058448223251685,-0.8415364652766668,-0.2482759577242087,-0.2862335524794955,-0.4138136055554014,-0.3870500337503583,-0.47093123248911206,-0.46833384190037636,-0.5687277501918685,-0.6388360287386613],[0.78313406751921,0.8593941579516768,0.9012695682728139,0.8774344179681359,0.9057366362451108,0.9295255531822427,0.927962865359187,0.9325686334341221,0.9288866080427566,0.9349681452097608,0.9503980692945713,0.9415212627257344,0.9372881355932203,0.9236049081342987,1.0,0.9172367240885092,0.8167660684068906,0.6975154188280765,0.7745744218517389,0.6798450257519857,0.7364281949568643,0.7152329699390644,0.012429378531073447,0.3134687046335081,-0.8265735260136156,-0.21146402581671245,-0.2349459531933387,-0.39001451727740943,-0.3469860467696746,-0.45823092642421887,-0.45996375303984394,-0.566848826134798,-0.5985732382775296],[0.7642921209095028,0.8280340647452079,0.8585961700278325,0.827370153587247,0.8764256058882817,0.8795112208383035,0.8881374425550408,0.8891277612878767,0.9497017947793281,0.8985205322385272,0.9122990004345937,0.9061934219164656,0.903512811266147,0.8962994812616162,0.9172367240885092,1.0,0.8000369866940368,0.6930686935374999,0.7547874652093909,0.6758245721101833,0.6913090515686982,0.6917214532072087,0.001736525285028711,0.30512820512820515,-0.8213281430526671,-0.21669024568411513,-0.24626203223390386,-0.39606646508918414,-0.3602013925490305,-0.46761722470341294,-0.4534614922281709,-0.5664151571472162,-0.5842168529871379],[0.6647609272564196,0.823076923076923,0.7892562900496546,0.8201087408804683,0.7542927681766485,0.7763562558369627,0.7745198664780345,0.7796878323023292,0.7978122370477221,0.8020194734944104,0.7969190083867329,0.7919415240367278,0.7971205858692335,0.7926091338640924,0.8167660684068906,0.8000369866940368,1.0,0.782005048683736,0.8680351743460291,0.7385909918906673,0.73446512617086,0.7694360453826736,0.2652380556094945,0.49905036663060465,-0.6785207700101317,0.05506209141261431,-0.1396358659972075,-0.11695747454853117,-0.12751717569604334,-0.33513828400233014,-0.2707139356616457,-0.32788334396700786,-0.38923964603733807],[0.6872072272000148,0.8610511618445265,0.6682644918490573,0.7484803092087622,0.6183139615523315,0.6424144913867236,0.6751504896113623,0.6798265324049673,0.6863593072392207,0.6933377717366177,0.6742628089544787,0.6617834983864554,0.6582753104570631,0.6742378429360038,0.6975154188280765,0.6930686935374999,0.782005048683736,1.0,0.853262688747723,0.6813873708933211,0.6150221457830546,0.6231962051651918,0.026053427279536186,0.24921911842214764,-0.694082724541851,0.07762674877712743,-0.3025345132088731,-0.19058411236557649,-0.2670328349376312,-0.2283179376219405,-0.41140669644095534,-0.43845691512478385,-0.5023431070672325],[0.6852940904509602,0.8743691456998345,0.7351808187004725,0.7679047962495492,0.6817285731458108,0.741445440002959,0.7511673925305371,0.7607552682922318,0.7661026195826052,0.7773253072207273,0.7649033260284612,0.7519515104441177,0.7703671854050506,0.7616697643022923,0.7745744218517389,0.7547874652093909,0.8680351743460291,0.853262688747723,1.0,0.6916049451209927,0.6165238055609494,0.645527846357273,0.10465015210777923,0.3025557805579443,-0.716242734495814,0.04870685270973767,-0.2857813901448954,-0.1488575734879377,-0.23209427908309985,-0.3890380685548374,-0.35850462796009136,-0.3854660785782315,-0.42859996116397125],[0.600196954145746,0.6454427769609883,0.7041850444302662,0.7177813531582014,0.6525941542530075,0.5824988210491275,0.6133984299148382,0.6209742295209298,0.6452264048008729,0.6313730385493819,0.6320517443849575,0.6306582706871203,0.6637345464968978,0.698393852811451,0.6798450257519857,0.6758245721101833,0.7385909918906673,0.6813873708933211,0.6916049451209927,1.0,0.6958047842288737,0.6720269632999528,0.12105929891721454,0.3860782083645409,-0.5547432410814269,-0.032128491775083916,-0.041500920044014164,-0.1251028692427899,-0.16390283595476526,-0.11494077505617355,-0.2697467336125829,-0.2715230195937012,-0.4012593969319537],[0.539886450849307,0.6362173708008544,0.6968773983559414,0.7529325825034444,0.6786993629041952,0.6427649403127225,0.7003670929383154,0.6996883871027398,0.6627497757681674,0.6702497526514837,0.6696773835612638,0.6751449416072568,0.681841382562623,0.659764949559396,0.7364281949568643,0.6913090515686982,0.73446512617086,0.6150221457830546,0.6165238055609494,0.6958047842288737,1.0,0.877316985214569,0.3540144433040214,0.6220681109970688,-0.5078565207344603,0.033677309587875764,0.08040907283604723,-0.026433465560764514,0.04617326416821548,-0.1795287895179709,-0.16255282162242132,-0.22758190241060777,-0.3145431680952777],[0.5471580348969458,0.6489195262004493,0.7014323097265759,0.7485478099253794,0.6560061767779042,0.6639222539691346,0.6994396515853422,0.7036025039991863,0.6749193227736322,0.681121991363607,0.6850129915762805,0.686413862612925,0.6929299934348618,0.6694582373990957,0.7152329699390644,0.6917214532072087,0.7694360453826736,0.6231962051651918,0.645527846357273,0.6720269632999528,0.877316985214569,1.0,0.32781121991363604,0.6802907154151294,-0.5129401517979345,0.010785319981136786,0.011746049358743193,-0.005783794280007767,0.02659158367777192,-0.17193727056691355,-0.17515233894606416,-0.23531674480105783,-0.31463378549566795],[-0.13788362136721313,0.0005289097247265296,0.03285897898231111,0.06777904148982404,-0.049624122721850815,-0.011968894190315034,-0.011296661026195826,-0.01751319962643439,-0.02965500661137156,-0.011086761537536871,-0.02856297446993444,-0.035001433234393926,-0.027888891971113394,-0.0409026602679686,0.012429378531073447,0.001736525285028711,0.2652380556094945,0.026053427279536186,0.10465015210777923,0.12105929891721454,0.3540144433040214,0.32781121991363604,1.0,0.6246876936022266,0.3019356902895537,0.5464488150387898,0.538989523518914,0.6272980295338751,0.6291806522603494,0.2202197009625787,0.5029256474983125,0.4652278842686344,0.4385900672233164],[0.18091579054435167,0.24416581134936707,0.3422730172820328,0.37781538091671524,0.2683079512145506,0.23978103877130202,0.26322043144978596,0.2699177970725032,0.2611972592859719,0.26360601773511977,0.28102767529381306,0.2890020065281515,0.2889520744912018,0.27058448223251685,0.3134687046335081,0.30512820512820515,0.49905036663060465,0.24921911842214764,0.3025557805579443,0.3860782083645409,0.6220681109970688,0.6802907154151294,0.6246876936022266,1.0,-0.03489930500008887,0.2947164507568402,0.3164267154891028,0.4019445754389858,0.5043977179209779,0.14786725475510185,0.2269873413039659,0.20846810359973,0.16215798866357828],[-0.747581720258092,-0.8308092927353845,-0.7663005030306262,-0.7880214721200164,-0.8344016068540144,-0.8326312234486927,-0.854153113279653,-0.8485273467356335,-0.8472137791286728,-0.8496720524716045,-0.8527186761229314,-0.8598659769992357,-0.8556302102774667,-0.8415364652766668,-0.8265735260136156,-0.8213281430526671,-0.6785207700101317,-0.694082724541851,-0.716242734495814,-0.5547432410814269,-0.5078565207344603,-0.5129401517979345,0.3019356902895537,-0.03489930500008887,1.0,0.5079773902842212,0.4746191720435841,0.6517374997778134,0.6126024280559554,0.6460992907801418,0.7136938089905616,0.7873478021294371,0.8305959935299241],[-0.2351271879941191,-0.07266868244149167,-0.18387842473670096,-0.18294728471432403,-0.300360620266859,-0.25317207134733277,-0.23100317160901365,-0.21767224241079272,-0.24132985658409387,-0.21281311548170545,-0.2368840559608681,-0.25237130942143565,-0.2531535780003144,-0.2482759577242087,-0.21146402581671245,-0.21669024568411513,0.05506209141261431,0.07762674877712743,0.04870685270973767,-0.032128491775083916,0.033677309587875764,0.010785319981136786,0.5464488150387898,0.2947164507568402,0.5079773902842212,1.0,0.3559405253959888,0.6741046908374713,0.6004928476980407,0.3153975607275283,0.5497480281468742,0.5906580857536501,0.5449018465606998],[-0.38284464663837187,-0.3521299712428454,-0.24294340111145016,-0.19462213468704634,-0.14773595199127115,-0.2980387805486976,-0.3117210833402683,-0.3198637040324743,-0.29987979324438035,-0.30452994535215955,-0.29536279323513365,-0.29570492015497424,-0.277399280608801,-0.2862335524794955,-0.2349459531933387,-0.24626203223390386,-0.1396358659972075,-0.3025345132088731,-0.2857813901448954,-0.041500920044014164,0.08040907283604723,0.011746049358743193,0.538989523518914,0.3164267154891028,0.4746191720435841,0.3559405253959888,1.0,0.5003338049136823,0.5628625851849797,0.5072170286739346,0.5099632907061684,0.5570584482232517,0.5865303706991409],[-0.4435814215835853,-0.311364161742813,-0.3610317438301571,-0.30597335108694645,-0.46764496472394057,-0.4250926979019298,-0.4021332075785736,-0.4003735656097719,-0.4255106475445459,-0.3946776147281016,-0.4221615023995118,-0.4109758014554264,-0.4144886127215734,-0.4138136055554014,-0.39001451727740943,-0.39606646508918414,-0.11695747454853117,-0.19058411236557649,-0.1488575734879377,-0.1251028692427899,-0.026433465560764514,-0.005783794280007767,0.6272980295338751,0.4019445754389858,0.6517374997778134,0.6741046908374713,0.5003338049136823,1.0,0.7765162232886719,0.44128824655330245,0.6675617446623577,0.7567052252952,0.6820697753983005],[-0.43816934357864756,-0.359973924380704,-0.32189797220449945,-0.2784654220644123,-0.3997475658131987,-0.39065901042100104,-0.3572110183361536,-0.35935809592499096,-0.3958880042904565,-0.37739373260469544,-0.37975718235364825,-0.3795186181771108,-0.3666000906174004,-0.3870500337503583,-0.3469860467696746,-0.3602013925490305,-0.12751717569604334,-0.2670328349376312,-0.23209427908309985,-0.16390283595476526,0.04617326416821548,0.02659158367777192,0.6291806522603494,0.5043977179209779,0.6126024280559554,0.6004928476980407,0.5628625851849797,0.7765162232886719,1.0,0.41504156379742385,0.6978168603844767,0.7155612268486412,0.7122379723894329],[-0.21649421620571999,-0.4352039353842455,-0.4466429951824831,-0.3605860541670134,-0.4397126133873339,-0.5313906072290493,-0.5208521734306083,-0.5104653850777183,-0.5108842593876853,-0.4927496833014323,-0.5013158016403598,-0.5146467308385808,-0.5192423275726558,-0.47093123248911206,-0.45823092642421887,-0.46761722470341294,-0.33513828400233014,-0.2283179376219405,-0.3890380685548374,-0.11494077505617355,-0.1795287895179709,-0.17193727056691355,0.2202197009625787,0.14786725475510185,0.6460992907801418,0.3153975607275283,0.5072170286739346,0.44128824655330245,0.41504156379742385,1.0,0.3792347453003782,0.5052844739105107,0.4497184387916447],[-0.5428037763414612,-0.4661553256216076,-0.42185543750635707,-0.4484423978473744,-0.4907597991622514,-0.4570602975579535,-0.45590723737135563,-0.4440086178997106,-0.473246599535817,-0.46024485191452374,-0.4704152681072984,-0.4803489694582374,-0.4728989246118709,-0.46833384190037636,-0.45996375303984394,-0.4534614922281709,-0.2707139356616457,-0.41140669644095534,-0.35850462796009136,-0.2697467336125829,-0.16255282162242132,-0.17515233894606416,0.5029256474983125,0.2269873413039659,0.7136938089905616,0.5497480281468742,0.5099632907061684,0.6675617446623577,0.6978168603844767,0.3792347453003782,1.0,0.7348655071338086,0.7010642921209095],[-0.6030643476009505,-0.5615366122037597,-0.5123304391245249,-0.5100539081065587,-0.580062322579452,-0.5882770673250298,-0.589507799569105,-0.5827568032400344,-0.5942661377569419,-0.5804959915670338,-0.5891564259757552,-0.5762998511285565,-0.5849038808288718,-0.5687277501918685,-0.566848826134798,-0.5664151571472162,-0.32788334396700786,-0.43845691512478385,-0.3854660785782315,-0.2715230195937012,-0.22758190241060777,-0.23531674480105783,0.4652278842686344,0.20846810359973,0.7873478021294371,0.5906580857536501,0.5570584482232517,0.7567052252952,0.7155612268486412,0.5052844739105107,0.7348655071338086,1.0,0.8043949439189252],[-0.649749877481576,-0.6063201013435416,-0.5682987045410414,-0.5344373861503324,-0.6033066104468917,-0.6204536418023616,-0.6271926174558703,-0.6281588948375821,-0.6203084690282671,-0.6176010430247718,-0.6259674332159005,-0.6248855724153236,-0.6099309273488862,-0.6388360287386613,-0.5985732382775296,-0.5842168529871379,-0.38923964603733807,-0.5023431070672325,-0.42859996116397125,-0.4012593969319537,-0.3145431680952777,-0.31463378549566795,0.4385900672233164,0.16215798866357828,0.8305959935299241,0.5449018465606998,0.5865303706991409,0.6820697753983005,0.7122379723894329,0.4497184387916447,0.7010642921209095,0.8043949439189252,1.0]],"type":"heatmap","xaxis":"x2","yaxis":"y2"},{"hoverinfo":"text","marker":{"color":"rgb(61,153,112)"},"mode":"lines","x":[-0.0,-0.3139496046070234,-0.3139496046070234,-0.0],"xaxis":"x","y":[10.0,10.0,0.0,0.0],"yaxis":"y","type":"scatter"},{"hoverinfo":"text","marker":{"color":"rgb(61,153,112)"},"mode":"lines","x":[-0.0,-0.03722914720779612,-0.03722914720779612,-0.0],"xaxis":"x","y":[10.0,10.0,0.0,0.0],"yaxis":"y","type":"scatter"},{"hoverinfo":"text","marker":{"color":"rgb(61,153,112)"},"mode":"lines","x":[-0.0,-0.05662172499708861,-0.05662172499708861,-0.0],"xaxis":"x","y":[10.0,10.0,0.0,0.0],"yaxis":"y","type":"scatter"},{"hoverinfo":"text","marker":{"color":"rgb(61,153,112)"},"mode":"lines","x":[-0.0,-0.0972154243743128,-0.0972154243743128,-0.05662172499708861],"xaxis":"x","y":[15.0,15.0,0.0,0.0],"yaxis":"y","type":"scatter"},{"hoverinfo":"text","marker":{"color":"rgb(61,153,112)"},"mode":"lines","x":[-0.0,-0.11411882008070369,-0.11411882008070369,-0.0972154243743128],"xaxis":"x","y":[17.5,17.5,0.0,0.0],"yaxis":"y","type":"scatter"},{"hoverinfo":"text","marker":{"color":"rgb(61,153,112)"},"mode":"lines","x":[-0.03722914720779612,-0.12423870274723439,-0.12423870274723439,-0.11411882008070369],"xaxis":"x","y":[23.75,23.75,0.0,0.0],"yaxis":"y","type":"scatter"},{"hoverinfo":"text","marker":{"color":"rgb(61,153,112)"},"mode":"lines","x":[-0.0,-0.1273129223059966,-0.1273129223059966,-0.0],"xaxis":"x","y":[10.0,10.0,0.0,0.0],"yaxis":"y","type":"scatter"},{"hoverinfo":"text","marker":{"color":"rgb(61,153,112)"},"mode":"lines","x":[-0.12423870274723439,-0.143815780359384,-0.143815780359384,-0.1273129223059966],"xaxis":"x","y":[48.125,48.125,0.0,0.0],"yaxis":"y","type":"scatter"},{"hoverinfo":"text","marker":{"color":"rgb(61,153,112)"},"mode":"lines","x":[-0.0,-0.15737497003628678,-0.15737497003628678,-0.143815780359384],"xaxis":"x","y":[50.9375,50.9375,0.0,0.0],"yaxis":"y","type":"scatter"},{"hoverinfo":"text","marker":{"color":"rgb(61,153,112)"},"mode":"lines","x":[-0.0,-0.1917222550500235,-0.1917222550500235,-0.0],"xaxis":"x","y":[10.0,10.0,0.0,0.0],"yaxis":"y","type":"scatter"},{"hoverinfo":"text","marker":{"color":"rgb(61,153,112)"},"mode":"lines","x":[-0.15737497003628678,-0.22896613832599108,-0.22896613832599108,-0.1917222550500235],"xaxis":"x","y":[69.53125,69.53125,0.0,0.0],"yaxis":"y","type":"scatter"},{"hoverinfo":"text","marker":{"color":"rgb(61,153,112)"},"mode":"lines","x":[-0.0,-0.3473395111388917,-0.3473395111388917,-0.22896613832599108],"xaxis":"x","y":[70.234375,70.234375,0.0,0.0],"yaxis":"y","type":"scatter"},{"hoverinfo":"text","marker":{"color":"rgb(61,153,112)"},"mode":"lines","x":[-0.3139496046070234,-0.45552849787620114,-0.45552849787620114,-0.3473395111388917],"xaxis":"x","y":[50.1171875,50.1171875,0.0,0.0],"yaxis":"y","type":"scatter"},{"hoverinfo":"text","marker":{"color":"rgb(61,153,112)"},"mode":"lines","x":[-0.0,-0.4760689423824673,-0.4760689423824673,-0.45552849787620114],"xaxis":"x","y":[40.05859375,40.05859375,0.0,0.0],"yaxis":"y","type":"scatter"},{"hoverinfo":"text","marker":{"color":"rgb(61,153,112)"},"mode":"lines","x":[-0.0,-0.7294541115964868,-0.7294541115964868,-0.4760689423824673],"xaxis":"x","y":[30.029296875,30.029296875,0.0,0.0],"yaxis":"y","type":"scatter"},{"hoverinfo":"text","marker":{"color":"rgb(61,153,112)"},"mode":"lines","x":[-0.0,-0.43868649145165073,-0.43868649145165073,-0.0],"xaxis":"x","y":[10.0,10.0,0.0,0.0],"yaxis":"y","type":"scatter"},{"hoverinfo":"text","marker":{"color":"rgb(61,153,112)"},"mode":"lines","x":[-0.0,-0.6027581221694546,-0.6027581221694546,-0.43868649145165073],"xaxis":"x","y":[15.0,15.0,0.0,0.0],"yaxis":"y","type":"scatter"},{"hoverinfo":"text","marker":{"color":"rgb(61,153,112)"},"mode":"lines","x":[-0.0,-0.21390061405060204,-0.21390061405060204,-0.0],"xaxis":"x","y":[10.0,10.0,0.0,0.0],"yaxis":"y","type":"scatter"},{"hoverinfo":"text","marker":{"color":"rgb(61,153,112)"},"mode":"lines","x":[-0.0,-0.7000020436294776,-0.7000020436294776,-0.21390061405060204],"xaxis":"x","y":[15.0,15.0,0.0,0.0],"yaxis":"y","type":"scatter"},{"hoverinfo":"text","marker":{"color":"rgb(61,153,112)"},"mode":"lines","x":[-0.6027581221694546,-0.9057087185038216,-0.9057087185038216,-0.7000020436294776],"xaxis":"x","y":[30.0,30.0,0.0,0.0],"yaxis":"y","type":"scatter"},{"hoverinfo":"text","marker":{"color":"rgb(61,153,112)"},"mode":"lines","x":[-0.7294541115964868,-1.2078545326772563,-1.2078545326772563,-0.9057087185038216],"xaxis":"x","y":[167.4853515625,167.4853515625,0.0,0.0],"yaxis":"y","type":"scatter"},{"hoverinfo":"text","marker":{"color":"rgb(255,65,54)"},"mode":"lines","x":[-0.0,-1.6199892845728416,-1.6199892845728416,-0.0],"xaxis":"x","y":[10.0,10.0,0.0,0.0],"yaxis":"y","type":"scatter"},{"hoverinfo":"text","marker":{"color":"rgb(255,65,54)"},"mode":"lines","x":[-0.0,-0.412861620065496,-0.412861620065496,-0.0],"xaxis":"x","y":[10.0,10.0,0.0,0.0],"yaxis":"y","type":"scatter"},{"hoverinfo":"text","marker":{"color":"rgb(255,65,54)"},"mode":"lines","x":[-0.0,-0.9905286476318291,-0.9905286476318291,-0.412861620065496],"xaxis":"x","y":[15.0,15.0,0.0,0.0],"yaxis":"y","type":"scatter"},{"hoverinfo":"text","marker":{"color":"rgb(255,65,54)"},"mode":"lines","x":[-0.0,-1.0851548121508985,-1.0851548121508985,-0.9905286476318291],"xaxis":"x","y":[17.5,17.5,0.0,0.0],"yaxis":"y","type":"scatter"},{"hoverinfo":"text","marker":{"color":"rgb(255,65,54)"},"mode":"lines","x":[-0.0,-0.40002170369136,-0.40002170369136,-0.0],"xaxis":"x","y":[10.0,10.0,0.0,0.0],"yaxis":"y","type":"scatter"},{"hoverinfo":"text","marker":{"color":"rgb(255,65,54)"},"mode":"lines","x":[-0.0,-0.7110175651514372,-0.7110175651514372,-0.40002170369136],"xaxis":"x","y":[15.0,15.0,0.0,0.0],"yaxis":"y","type":"scatter"},{"hoverinfo":"text","marker":{"color":"rgb(255,65,54)"},"mode":"lines","x":[-0.0,-1.2304329013157496,-1.2304329013157496,-0.7110175651514372],"xaxis":"x","y":[17.5,17.5,0.0,0.0],"yaxis":"y","type":"scatter"},{"hoverinfo":"text","marker":{"color":"rgb(255,65,54)"},"mode":"lines","x":[-1.0851548121508985,-1.3554023064793246,-1.3554023064793246,-1.2304329013157496],"xaxis":"x","y":[40.0,40.0,0.0,0.0],"yaxis":"y","type":"scatter"},{"hoverinfo":"text","marker":{"color":"rgb(255,65,54)"},"mode":"lines","x":[-0.0,-2.0822740446611103,-2.0822740446611103,-1.3554023064793246],"xaxis":"x","y":[38.75,38.75,0.0,0.0],"yaxis":"y","type":"scatter"},{"hoverinfo":"text","marker":{"color":"rgb(255,65,54)"},"mode":"lines","x":[-1.6199892845728416,-3.0822483321734984,-3.0822483321734984,-2.0822740446611103],"xaxis":"x","y":[34.375,34.375,0.0,0.0],"yaxis":"y","type":"scatter"},{"hoverinfo":"text","marker":{"color":"rgb(0,116,217)"},"mode":"lines","x":[-1.2078545326772563,-6.160088086387694,-6.160088086387694,-3.0822483321734984],"xaxis":"x","y":[143.43017578125,143.43017578125,0.0,0.0],"yaxis":"y","type":"scatter"},{"hoverinfo":"text","marker":{"color":"rgb(61,153,112)"},"mode":"lines","x":[25.0,25.0,35.0,35.0],"xaxis":"x3","y":[0.0,0.3139496046070234,0.3139496046070234,0.0],"yaxis":"y3","type":"scatter"},{"hoverinfo":"text","marker":{"color":"rgb(61,153,112)"},"mode":"lines","x":[65.0,65.0,75.0,75.0],"xaxis":"x3","y":[0.0,0.03722914720779612,0.03722914720779612,0.0],"yaxis":"y3","type":"scatter"},{"hoverinfo":"text","marker":{"color":"rgb(61,153,112)"},"mode":"lines","x":[105.0,105.0,115.0,115.0],"xaxis":"x3","y":[0.0,0.05662172499708861,0.05662172499708861,0.0],"yaxis":"y3","type":"scatter"},{"hoverinfo":"text","marker":{"color":"rgb(61,153,112)"},"mode":"lines","x":[95.0,95.0,110.0,110.0],"xaxis":"x3","y":[0.0,0.0972154243743128,0.0972154243743128,0.05662172499708861],"yaxis":"y3","type":"scatter"},{"hoverinfo":"text","marker":{"color":"rgb(61,153,112)"},"mode":"lines","x":[85.0,85.0,102.5,102.5],"xaxis":"x3","y":[0.0,0.11411882008070369,0.11411882008070369,0.0972154243743128],"yaxis":"y3","type":"scatter"},{"hoverinfo":"text","marker":{"color":"rgb(61,153,112)"},"mode":"lines","x":[70.0,70.0,93.75,93.75],"xaxis":"x3","y":[0.03722914720779612,0.12423870274723439,0.12423870274723439,0.11411882008070369],"yaxis":"y3","type":"scatter"},{"hoverinfo":"text","marker":{"color":"rgb(61,153,112)"},"mode":"lines","x":[125.0,125.0,135.0,135.0],"xaxis":"x3","y":[0.0,0.1273129223059966,0.1273129223059966,0.0],"yaxis":"y3","type":"scatter"},{"hoverinfo":"text","marker":{"color":"rgb(61,153,112)"},"mode":"lines","x":[81.875,81.875,130.0,130.0],"xaxis":"x3","y":[0.12423870274723439,0.143815780359384,0.143815780359384,0.1273129223059966],"yaxis":"y3","type":"scatter"},{"hoverinfo":"text","marker":{"color":"rgb(61,153,112)"},"mode":"lines","x":[55.0,55.0,105.9375,105.9375],"xaxis":"x3","y":[0.0,0.15737497003628678,0.15737497003628678,0.143815780359384],"yaxis":"y3","type":"scatter"},{"hoverinfo":"text","marker":{"color":"rgb(61,153,112)"},"mode":"lines","x":[145.0,145.0,155.0,155.0],"xaxis":"x3","y":[0.0,0.1917222550500235,0.1917222550500235,0.0],"yaxis":"y3","type":"scatter"},{"hoverinfo":"text","marker":{"color":"rgb(61,153,112)"},"mode":"lines","x":[80.46875,80.46875,150.0,150.0],"xaxis":"x3","y":[0.15737497003628678,0.22896613832599108,0.22896613832599108,0.1917222550500235],"yaxis":"y3","type":"scatter"},{"hoverinfo":"text","marker":{"color":"rgb(61,153,112)"},"mode":"lines","x":[45.0,45.0,115.234375,115.234375],"xaxis":"x3","y":[0.0,0.3473395111388917,0.3473395111388917,0.22896613832599108],"yaxis":"y3","type":"scatter"},{"hoverinfo":"text","marker":{"color":"rgb(61,153,112)"},"mode":"lines","x":[30.0,30.0,80.1171875,80.1171875],"xaxis":"x3","y":[0.3139496046070234,0.45552849787620114,0.45552849787620114,0.3473395111388917],"yaxis":"y3","type":"scatter"},{"hoverinfo":"text","marker":{"color":"rgb(61,153,112)"},"mode":"lines","x":[15.0,15.0,55.05859375,55.05859375],"xaxis":"x3","y":[0.0,0.4760689423824673,0.4760689423824673,0.45552849787620114],"yaxis":"y3","type":"scatter"},{"hoverinfo":"text","marker":{"color":"rgb(61,153,112)"},"mode":"lines","x":[5.0,5.0,35.029296875,35.029296875],"xaxis":"x3","y":[0.0,0.7294541115964868,0.7294541115964868,0.4760689423824673],"yaxis":"y3","type":"scatter"},{"hoverinfo":"text","marker":{"color":"rgb(61,153,112)"},"mode":"lines","x":[175.0,175.0,185.0,185.0],"xaxis":"x3","y":[0.0,0.43868649145165073,0.43868649145165073,0.0],"yaxis":"y3","type":"scatter"},{"hoverinfo":"text","marker":{"color":"rgb(61,153,112)"},"mode":"lines","x":[165.0,165.0,180.0,180.0],"xaxis":"x3","y":[0.0,0.6027581221694546,0.6027581221694546,0.43868649145165073],"yaxis":"y3","type":"scatter"},{"hoverinfo":"text","marker":{"color":"rgb(61,153,112)"},"mode":"lines","x":[205.0,205.0,215.0,215.0],"xaxis":"x3","y":[0.0,0.21390061405060204,0.21390061405060204,0.0],"yaxis":"y3","type":"scatter"},{"hoverinfo":"text","marker":{"color":"rgb(61,153,112)"},"mode":"lines","x":[195.0,195.0,210.0,210.0],"xaxis":"x3","y":[0.0,0.7000020436294776,0.7000020436294776,0.21390061405060204],"yaxis":"y3","type":"scatter"},{"hoverinfo":"text","marker":{"color":"rgb(61,153,112)"},"mode":"lines","x":[172.5,172.5,202.5,202.5],"xaxis":"x3","y":[0.6027581221694546,0.9057087185038216,0.9057087185038216,0.7000020436294776],"yaxis":"y3","type":"scatter"},{"hoverinfo":"text","marker":{"color":"rgb(61,153,112)"},"mode":"lines","x":[20.0146484375,20.0146484375,187.5,187.5],"xaxis":"x3","y":[0.7294541115964868,1.2078545326772563,1.2078545326772563,0.9057087185038216],"yaxis":"y3","type":"scatter"},{"hoverinfo":"text","marker":{"color":"rgb(255,65,54)"},"mode":"lines","x":[225.0,225.0,235.0,235.0],"xaxis":"x3","y":[0.0,1.6199892845728416,1.6199892845728416,0.0],"yaxis":"y3","type":"scatter"},{"hoverinfo":"text","marker":{"color":"rgb(255,65,54)"},"mode":"lines","x":[275.0,275.0,285.0,285.0],"xaxis":"x3","y":[0.0,0.412861620065496,0.412861620065496,0.0],"yaxis":"y3","type":"scatter"},{"hoverinfo":"text","marker":{"color":"rgb(255,65,54)"},"mode":"lines","x":[265.0,265.0,280.0,280.0],"xaxis":"x3","y":[0.0,0.9905286476318291,0.9905286476318291,0.412861620065496],"yaxis":"y3","type":"scatter"},{"hoverinfo":"text","marker":{"color":"rgb(255,65,54)"},"mode":"lines","x":[255.0,255.0,272.5,272.5],"xaxis":"x3","y":[0.0,1.0851548121508985,1.0851548121508985,0.9905286476318291],"yaxis":"y3","type":"scatter"},{"hoverinfo":"text","marker":{"color":"rgb(255,65,54)"},"mode":"lines","x":[315.0,315.0,325.0,325.0],"xaxis":"x3","y":[0.0,0.40002170369136,0.40002170369136,0.0],"yaxis":"y3","type":"scatter"},{"hoverinfo":"text","marker":{"color":"rgb(255,65,54)"},"mode":"lines","x":[305.0,305.0,320.0,320.0],"xaxis":"x3","y":[0.0,0.7110175651514372,0.7110175651514372,0.40002170369136],"yaxis":"y3","type":"scatter"},{"hoverinfo":"text","marker":{"color":"rgb(255,65,54)"},"mode":"lines","x":[295.0,295.0,312.5,312.5],"xaxis":"x3","y":[0.0,1.2304329013157496,1.2304329013157496,0.7110175651514372],"yaxis":"y3","type":"scatter"},{"hoverinfo":"text","marker":{"color":"rgb(255,65,54)"},"mode":"lines","x":[263.75,263.75,303.75,303.75],"xaxis":"x3","y":[1.0851548121508985,1.3554023064793246,1.3554023064793246,1.2304329013157496],"yaxis":"y3","type":"scatter"},{"hoverinfo":"text","marker":{"color":"rgb(255,65,54)"},"mode":"lines","x":[245.0,245.0,283.75,283.75],"xaxis":"x3","y":[0.0,2.0822740446611103,2.0822740446611103,1.3554023064793246],"yaxis":"y3","type":"scatter"},{"hoverinfo":"text","marker":{"color":"rgb(255,65,54)"},"mode":"lines","x":[230.0,230.0,264.375,264.375],"xaxis":"x3","y":[1.6199892845728416,3.0822483321734984,3.0822483321734984,2.0822740446611103],"yaxis":"y3","type":"scatter"},{"hoverinfo":"text","marker":{"color":"rgb(0,116,217)"},"mode":"lines","x":[103.75732421875,103.75732421875,247.1875,247.1875],"xaxis":"x3","y":[1.2078545326772563,6.160088086387694,6.160088086387694,3.0822483321734984],"yaxis":"y3","type":"scatter"}],                        {"template":{"data":{"histogram2dcontour":[{"type":"histogram2dcontour","colorbar":{"outlinewidth":0,"ticks":""},"colorscale":[[0.0,"#0d0887"],[0.1111111111111111,"#46039f"],[0.2222222222222222,"#7201a8"],[0.3333333333333333,"#9c179e"],[0.4444444444444444,"#bd3786"],[0.5555555555555556,"#d8576b"],[0.6666666666666666,"#ed7953"],[0.7777777777777778,"#fb9f3a"],[0.8888888888888888,"#fdca26"],[1.0,"#f0f921"]]}],"choropleth":[{"type":"choropleth","colorbar":{"outlinewidth":0,"ticks":""}}],"histogram2d":[{"type":"histogram2d","colorbar":{"outlinewidth":0,"ticks":""},"colorscale":[[0.0,"#0d0887"],[0.1111111111111111,"#46039f"],[0.2222222222222222,"#7201a8"],[0.3333333333333333,"#9c179e"],[0.4444444444444444,"#bd3786"],[0.5555555555555556,"#d8576b"],[0.6666666666666666,"#ed7953"],[0.7777777777777778,"#fb9f3a"],[0.8888888888888888,"#fdca26"],[1.0,"#f0f921"]]}],"heatmap":[{"type":"heatmap","colorbar":{"outlinewidth":0,"ticks":""},"colorscale":[[0.0,"#0d0887"],[0.1111111111111111,"#46039f"],[0.2222222222222222,"#7201a8"],[0.3333333333333333,"#9c179e"],[0.4444444444444444,"#bd3786"],[0.5555555555555556,"#d8576b"],[0.6666666666666666,"#ed7953"],[0.7777777777777778,"#fb9f3a"],[0.8888888888888888,"#fdca26"],[1.0,"#f0f921"]]}],"heatmapgl":[{"type":"heatmapgl","colorbar":{"outlinewidth":0,"ticks":""},"colorscale":[[0.0,"#0d0887"],[0.1111111111111111,"#46039f"],[0.2222222222222222,"#7201a8"],[0.3333333333333333,"#9c179e"],[0.4444444444444444,"#bd3786"],[0.5555555555555556,"#d8576b"],[0.6666666666666666,"#ed7953"],[0.7777777777777778,"#fb9f3a"],[0.8888888888888888,"#fdca26"],[1.0,"#f0f921"]]}],"contourcarpet":[{"type":"contourcarpet","colorbar":{"outlinewidth":0,"ticks":""}}],"contour":[{"type":"contour","colorbar":{"outlinewidth":0,"ticks":""},"colorscale":[[0.0,"#0d0887"],[0.1111111111111111,"#46039f"],[0.2222222222222222,"#7201a8"],[0.3333333333333333,"#9c179e"],[0.4444444444444444,"#bd3786"],[0.5555555555555556,"#d8576b"],[0.6666666666666666,"#ed7953"],[0.7777777777777778,"#fb9f3a"],[0.8888888888888888,"#fdca26"],[1.0,"#f0f921"]]}],"surface":[{"type":"surface","colorbar":{"outlinewidth":0,"ticks":""},"colorscale":[[0.0,"#0d0887"],[0.1111111111111111,"#46039f"],[0.2222222222222222,"#7201a8"],[0.3333333333333333,"#9c179e"],[0.4444444444444444,"#bd3786"],[0.5555555555555556,"#d8576b"],[0.6666666666666666,"#ed7953"],[0.7777777777777778,"#fb9f3a"],[0.8888888888888888,"#fdca26"],[1.0,"#f0f921"]]}],"mesh3d":[{"type":"mesh3d","colorbar":{"outlinewidth":0,"ticks":""}}],"scatter":[{"fillpattern":{"fillmode":"overlay","size":10,"solidity":0.2},"type":"scatter"}],"parcoords":[{"type":"parcoords","line":{"colorbar":{"outlinewidth":0,"ticks":""}}}],"scatterpolargl":[{"type":"scatterpolargl","marker":{"colorbar":{"outlinewidth":0,"ticks":""}}}],"bar":[{"error_x":{"color":"#2a3f5f"},"error_y":{"color":"#2a3f5f"},"marker":{"line":{"color":"#E5ECF6","width":0.5},"pattern":{"fillmode":"overlay","size":10,"solidity":0.2}},"type":"bar"}],"scattergeo":[{"type":"scattergeo","marker":{"colorbar":{"outlinewidth":0,"ticks":""}}}],"scatterpolar":[{"type":"scatterpolar","marker":{"colorbar":{"outlinewidth":0,"ticks":""}}}],"histogram":[{"marker":{"pattern":{"fillmode":"ov