<html>
<head><meta charset="utf-8" /></head>
<body>
    <div>                        <script type="text/javascript">window.PlotlyConfig = {MathJaxConfig: 'local'};</script>
        <script charset="utf-8" src="https://cdn.plot.ly/plotly-2.29.1.min.js"></script>                <div id="0089263d-8f00-4031-b66e-0ef34d88234d" class="plotly-graph-div" style="height:100%; width:100%;"></div>            <script type="text/javascript">                                    window.PLOTLYENV=window.PLOTLYENV || {};                                    if (document.getElementById("0089263d-8f00-4031-b66e-0ef34d88234d")) {                    Plotly.newPlot(                        "0089263d-8f00-4031-b66e-0ef34d88234d",                        [{"colorbar":{"title":{"text":"Spearman Correlation"}},"colorscale":[[0.0,"rgb(103,0,31)"],[0.1,"rgb(178,24,43)"],[0.2,"rgb(214,96,77)"],[0.3,"rgb(244,165,130)"],[0.4,"rgb(253,219,199)"],[0.5,"rgb(247,247,247)"],[0.6,"rgb(209,229,240)"],[0.7,"rgb(146,197,222)"],[0.8,"rgb(67,147,195)"],[0.9,"rgb(33,102,172)"],[1.0,"rgb(5,48,97)"]],"x":["whole-organism-CHH","endosperm-CHG","embryo-CHG","shoot-CHG","root-CHH","immature-flower-buds-CHH","endosperm-CHH","sperm-cell-CHH","vegetative-nucleus-CHH","inflorescence-CHH","embryo-CHH","shoot-CHH","aerial-part-CHH","immature-flower-buds-CHG","inflorescence-CHG","rosette-CHH","rosette-CpG","aerial-part-CHG","endosperm-CpG","shoot-CpG","root-CHG","sperm-cell-CHG","vegetative-nucleus-CHG","vegetative-nucleus-CpG","whole-organism-CHG","aerial-part-CpG","embryo-CpG","rosette-CHG","root-CpG","whole-organism-CpG","immature-flower-buds-CpG","inflorescence-CpG","sperm-cell-CpG"],"y":["whole-organism-CHH","endosperm-CHG","embryo-CHG","shoot-CHG","root-CHH","immature-flower-buds-CHH","endosperm-CHH","sperm-cell-CHH","vegetative-nucleus-CHH","inflorescence-CHH","embryo-CHH","shoot-CHH","aerial-part-CHH","immature-flower-buds-CHG","inflorescence-CHG","rosette-CHH","rosette-CpG","aerial-part-CHG","endosperm-CpG","shoot-CpG","root-CHG","sperm-cell-CHG","vegetative-nucleus-CHG","vegetative-nucleus-CpG","whole-organism-CHG","aerial-part-CpG","embryo-CpG","rosette-CHG","root-CpG","whole-organism-CpG","immature-flower-buds-CpG","inflorescence-CpG","sperm-cell-CpG"],"z":[[1.0,0.7681218426566416,0.8203588542366081,0.7913688919079008,0.8121101688981915,0.7703260947832528,0.7706377669172957,0.7746350164873476,0.7682369240710908,0.7695601687539471,0.8159060359125665,0.8232222659338242,0.5943278366991517,0.7120883476772503,0.6627080335109794,0.6472223105904683,0.6962260415205612,0.3823121550505381,0.5689575801235912,0.46475384744342313,0.4258791301651981,0.46063282520656046,0.4303441039707629,0.07198915668494967,0.021825911510767175,0.09021650220709226,0.0024625535559133103,0.19334718237191897,0.3364722980762682,0.36397886620891756,0.24084518047377332,0.2186918130316556,0.15979811637357763],[0.7681218426566416,1.0,0.84132320801662,0.8163354001220562,0.8033527601098422,0.773539987580483,0.9019334990070771,0.7887881168682084,0.7905481758927915,0.8073391468542063,0.8322894661939587,0.8211865179246733,0.6856404123784712,0.7371873831864627,0.6845413710469846,0.5841424460843461,0.6745799185703424,0.48034421396177696,0.6400591800784744,0.5697041176372174,0.4567388522679124,0.477908204780813,0.4784785688270926,0.09310322156476004,0.060644988519972305,0.046954662574642175,3.015520065544046e-06,0.21866586883932218,0.3208261302461057,0.34130933131419505,0.20562732493379948,0.15686864476824192,0.12974504319426075],[0.8203588542366081,0.84132320801662,1.0,0.878509049123815,0.8530460263297664,0.8640177540187544,0.8628303306011776,0.8611150794856327,0.869684256065186,0.8741654325569803,0.9032564901188487,0.8864622881646614,0.7385583187214717,0.8122868346946643,0.7698911578350814,0.6132989677091826,0.6832237939065812,0.48652775950290705,0.6671068105008495,0.5999655349869555,0.4621892590397181,0.5423264863274253,0.5115582012878546,0.09826262878460956,0.055199600921926495,0.04471703421461123,0.00015448945066870952,0.20997558193159788,0.3213175916903985,0.35828992158204825,0.21156665411049855,0.1521113236871307,0.12039931665284681],[0.7913688919079008,0.8163354001220562,0.878509049123815,1.0,0.8918088077956401,0.8611425375273779,0.8676744981281898,0.877775991052017,0.8771055889211168,0.8864396528658903,0.9161361039140477,0.9221074681020701,0.7322733215842636,0.7703715430432627,0.7273820022006549,0.598367988612971,0.7321030567394619,0.43332638435734283,0.63540122841651,0.5934656003488995,0.44054354821344255,0.46490767097490926,0.48015197580163765,0.08349330135276904,0.07695036088228031,0.06408673405436127,0.0007777902953764332,0.26961259474306914,0.34211254980867506,0.3720157361366723,0.22363339289906395,0.17180081007585446,0.13439562644068617],[0.8121101688981915,0.8033527601098422,0.8530460263297664,0.8918088077956401,1.0,0.8727257113317812,0.8786338554383692,0.8634591680740868,0.8522605021304154,0.8869376961963048,0.9217860672562885,0.9245153147218379,0.7417435390964057,0.753188114964136,0.7055195340426497,0.665025493005847,0.7081836223903466,0.4545966688469953,0.6282292390847867,0.5801408298523094,0.48775397364482276,0.4352897886671124,0.448174331621504,0.07321596202503923,0.0819296465650321,0.06164095118387307,0.0016730276169968571,0.2217762257337141,0.32345125383830436,0.40811147161458367,0.2193365874691667,0.17124170014276135,0.1498077286261535],[0.7703260947832528,0.773539987580483,0.8640177540187544,0.8611425375273779,0.8727257113317812,1.0,0.8777551995414996,0.8884797303406833,0.8860131185880582,0.9079025240980108,0.936739458408236,0.9098930458068171,0.7388634972688108,0.7766709292705496,0.6729605983646396,0.5926879871850296,0.6932747542616667,0.4126963787436627,0.6027290359771874,0.5497413405011814,0.3393048765236235,0.4131467684952177,0.4407927593154561,0.05749494655424464,0.08882711471095472,0.06409609771029895,0.00014325442813895695,0.28237597745125775,0.34606990794053766,0.38496272162581324,0.208904115603765,0.18070380180954132,0.1526144624231158],[0.7706377669172957,0.9019334990070771,0.8628303306011776,0.8676744981281898,0.8786338554383692,0.8777551995414996,1.0,0.8791695831977693,0.8847932752628573,0.9152388877126392,0.9332292104569242,0.9068332331465873,0.7862410731483235,0.7418534415990506,0.6947881549953144,0.6170862478507811,0.7177711875454875,0.4710890986339029,0.6365043655830906,0.5869132237313298,0.4163171134522599,0.4392372652807562,0.4555160922532183,0.06822400825850322,0.08992789039629231,0.058240099678899315,0.0008794194171204908,0.26100272649010375,0.3531522424845527,0.3847825967481926,0.22396234397221393,0.18105931117377874,0.1567273119410805],[0.7746350164873476,0.7887881168682084,0.8611150794856327,0.877775991052017,0.8634591680740868,0.8884797303406833,0.8791695831977693,1.0,0.9777299457301764,0.9285686342332142,0.9225958915224418,0.9235713490638924,0.7602246170059225,0.7099628830725941,0.6835043669012592,0.6454753352784396,0.7295775409253238,0.4558281836224622,0.5998810235691524,0.564252451601126,0.3762576338219886,0.490514064870867,0.48921582620982484,0.06928499553261147,0.0971700337988305,0.05336246529342341,0.00012761455034077175,0.2712869865673885,0.34751944575280813,0.39337057939114567,0.20785140908758162,0.16171111663743218,0.12759971162075187],[0.7682369240710908,0.7905481758927915,0.869684256065186,0.8771055889211168,0.8522605021304154,0.8860131185880582,0.8847932752628573,0.9777299457301764,1.0,0.9239801638853695,0.9240921593799636,0.916543270003201,0.7692876429453466,0.728584352802686,0.6796812997682229,0.6474038339570257,0.719998658158214,0.462164114161762,0.607913115840305,0.5787485782343856,0.38560899372911245,0.4895638390464335,0.495056483633925,0.07285561717647301,0.10231278915737434,0.04738120511614291,0.0003067121611553417,0.26057490936254324,0.3396054917225442,0.39458359716357255,0.1971436527692112,0.16029899203908232,0.129138241106835],[0.7695601687539471,0.8073391468542063,0.8741654325569803,0.8864396528658903,0.8869376961963048,0.9079025240980108,0.9152388877126392,0.9285686342332142,0.9239801638853695,1.0,0.9471855454892979,0.9332256374055469,0.797680699574321,0.7336380982987954,0.7211856750714916,0.6549475258751137,0.721942596751309,0.4807172657166982,0.6432352358642512,0.6042346332457982,0.39863191380707924,0.44923473092937505,0.46392716711912546,0.06948813258616827,0.09273848761618927,0.0452894221210297,0.00012291628139020694,0.24280225039366185,0.33697559622539375,0.381431048345286,0.2118253237138219,0.1557704195674638,0.14242602940930435],[0.8159060359125665,0.8322894661939587,0.9032564901188487,0.9161361039140477,0.9217860672562885,0.936739458408236,0.9332292104569242,0.9225958915224418,0.9240921593799636,0.9471855454892979,1.0,0.9666289582709039,0.7899711337478573,0.7831890756983616,0.7008160810066173,0.6472029694371967,0.7271291406088448,0.4546303355391838,0.6350799059280937,0.5850770981694025,0.3994894075800676,0.4484677980534601,0.46924279862828533,0.07897655428104483,0.08723917962766031,0.05611405596847169,0.0008158435105701266,0.2513175329743166,0.34710529426852554,0.3918352274469029,0.22129052446846142,0.178220334108213,0.14421551754918205],[0.8232222659338242,0.8211865179246733,0.8864622881646614,0.9221074681020701,0.9245153147218379,0.9098930458068171,0.9068332331465873,0.9235713490638924,0.916543270003201,0.9332256374055469,0.9666289582709039,1.0,0.7516064445814462,0.774203746242332,0.7243285293177224,0.6473666344724475,0.7393694984008502,0.43795739873661566,0.6271713774936151,0.56543107405919,0.3977298543860691,0.4558206921778662,0.4711639907871955,0.08352215977729772,0.08744139980385969,0.06369127781909002,0.0012251003284617357,0.2648612575628386,0.3321215184107964,0.39048197861282663,0.23073513245959068,0.16890110938193006,0.1440343815430636],[0.5943278366991517,0.6856404123784712,0.7385583187214717,0.7322733215842636,0.7417435390964057,0.7388634972688108,0.7862410731483235,0.7602246170059225,0.7692876429453466,0.797680699574321,0.7899711337478573,0.7516064445814462,1.0,0.6319667070780423,0.6277295008506693,0.6209289027150491,0.6902440808954698,0.7414091033138089,0.6774556213017751,0.7645214029518583,0.41659637833111207,0.40477254290875186,0.42109655148421565,0.05961694343189471,0.12399551664748712,0.005280737407782361,2.797454969102933e-07,0.18940246537393454,0.3153233668452756,0.3676240652932426,0.217300787605387,0.09694764121780462,0.12958122623404483],[0.7120883476772503,0.7371873831864627,0.8122868346946643,0.7703715430432627,0.753188114964136,0.7766709292705496,0.7418534415990506,0.7099628830725941,0.728584352802686,0.7336380982987954,0.7831890756983616,0.774203746242332,0.6319667070780423,1.0,0.7022829610663337,0.5325786100593459,0.5872164609449908,0.44657743106627884,0.6229254913829445,0.540490836185097,0.49587657679925595,0.48563810833934545,0.49200728512835906,0.11715081835934672,0.05902149614359896,0.0338112750836506,0.0010797124997599633,0.19948996514557965,0.26248247885352854,0.3229634175830258,0.17796201015367993,0.1303439200530442,0.1036183045093687],[0.6627080335109794,0.6845413710469846,0.7698911578350814,0.7273820022006549,0.7055195340426497,0.6729605983646396,0.6947881549953144,0.6835043669012592,0.6796812997682229,0.7211856750714916,0.7008160810066173,0.7243285293177224,0.6277295008506693,0.7022829610663337,1.0,0.5255529362085142,0.6209778405221977,0.5602227732732442,0.672578346868547,0.5896777761030617,0.5152100709416185,0.5669074737953061,0.560323823744082,0.14274446205724264,0.0378777753101428,0.03346970898434394,0.004593998465279288,0.1300223024597363,0.2601549891747738,0.28562331971519955,0.2011005841871028,0.0936196915753758,0.0775429912855113],[0.6472223105904683,0.5841424460843461,0.6132989677091826,0.598367988612971,0.665025493005847,0.5926879871850296,0.6170862478507811,0.6454753352784396,0.6474038339570257,0.6549475258751137,0.6472029694371967,0.6473666344724475,0.6209289027150491,0.5325786100593459,0.5255529362085142,1.0,0.5588784284640481,0.4722537731159328,0.44190709040681475,0.46962799040700887,0.3602363837658308,0.29147737981066113,0.29938191515228735,0.03273052326828772,0.14657002345965983,0.05528479453402183,0.019011893041336995,0.04686974565052903,0.3636866073473601,0.422174903287323,0.29463593961055096,0.19676447757411444,0.1919923736521429],[0.6962260415205612,0.6745799185703424,0.6832237939065812,0.7321030567394619,0.7081836223903466,0.6932747542616667,0.7177711875454875,0.7295775409253238,0.719998658158214,0.721942596751309,0.7271291406088448,0.7393694984008502,0.6902440808954698,0.5872164609449908,0.6209778405221977,0.5588784284640481,1.0,0.48175082850743906,0.460390435335142,0.5130036547180411,0.30774006352552613,0.2579182456525113,0.2631075993264881,0.001217961489489228,0.2252633584713373,0.25804102903996795,0.09116516107062929,0.4174442935466023,0.6199165615180553,0.6898897044679617,0.5093588529914562,0.4247617686166353,0.37528173486005206],[0.3823121550505381,0.48034421396177696,0.48652775950290705,0.43332638435734283,0.4545966688469953,0.4126963787436627,0.4710890986339029,0.4558281836224622,0.462164114161762,0.4807172657166982,0.4546303355391838,0.43795739873661566,0.7414091033138089,0.44657743106627884,0.5602227732732442,0.4722537731159328,0.48175082850743906,1.0,0.6115318961668523,0.7280572160089936,0.46428874921291236,0.37825223980359285,0.3883735101322958,0.06211016898711245,0.09152713168252981,0.006025912125707255,0.0006787810730100803,0.052129080639936314,0.19224446642074192,0.25234859721796105,0.16925546987646037,0.03632230388617468,0.07130653493482819],[0.5689575801235912,0.6400591800784744,0.6671068105008495,0.63540122841651,0.6282292390847867,0.6027290359771874,0.6365043655830906,0.5998810235691524,0.607913115840305,0.6432352358642512,0.6350799059280937,0.6271713774936151,0.6774556213017751,0.6229254913829445,0.672578346868547,0.44190709040681475,0.460390435335142,0.6115318961668523,1.0,0.753485063901941,0.5455166533020398,0.5394390215611773,0.5920318279341278,0.2490512684341409,0.019498175072790093,0.0030318339107310945,0.0703512261435053,0.1123176694040265,0.10750748725098719,0.15150750204727223,0.07328603496141765,0.013679050852770316,0.016260630097495586],[0.46475384744342313,0.5697041176372174,0.5999655349869555,0.5934656003488995,0.5801408298523094,0.5497413405011814,0.5869132237313298,0.564252451601126,0.5787485782343856,0.6042346332457982,0.5850770981694025,0.56543107405919,0.7645214029518583,0.540490836185097,0.5896777761030617,0.46962799040700887,0.5130036547180411,0.7280572160089936,0.753485063901941,1.0,0.4783174001158113,0.38010160282335537,0.41670620042265905,0.09154000034902694,0.08167100295314891,0.00237235750088808,0.01095165433618133,0.15135061878487838,0.14858409773447934,0.18369792670975768,0.12852556826880351,0.022158577184716775,0.05386775438310384],[0.4258791301651981,0.4567388522679124,0.4621892590397181,0.44054354821344255,0.48775397364482276,0.3393048765236235,0.4163171134522599,0.3762576338219886,0.38560899372911245,0.39863191380707924,0.3994894075800676,0.3977298543860691,0.41659637833111207,0.49587657679925595,0.5152100709416185,0.3602363837658308,0.30774006352552613,0.46428874921291236,0.5455166533020398,0.4783174001158113,1.0,0.4841442977557895,0.4516202394021561,0.14905638297397383,0.0017223263644996565,0.001032239983741635,0.0146553538543275,0.013211381770513887,0.07372475016928143,0.1610091036261952,0.07276330029465776,0.015650727892778587,0.026864139634014694],[0.46063282520656046,0.477908204780813,0.5423264863274253,0.46490767097490926,0.4352897886671124,0.4131467684952177,0.4392372652807562,0.490514064870867,0.4895638390464335,0.44923473092937505,0.4484677980534601,0.4558206921778662,0.40477254290875186,0.48563810833934545,0.5669074737953061,0.29147737981066113,0.2579182456525113,0.37825223980359285,0.5394390215611773,0.38010160282335537,0.4841442977557895,1.0,0.7696850925459803,0.3869687347194615,0.006465618994352749,0.0011341611810776289,0.12532622606785618,0.032230586265787904,0.0517935223048314,0.09893740459541413,0.026423419817410726,0.0006987281015521236,0.0021319703239478117],[0.4303441039707629,0.4784785688270926,0.5115582012878546,0.48015197580163765,0.448174331621504,0.4407927593154561,0.4555160922532183,0.48921582620982484,0.495056483633925,0.46392716711912546,0.46924279862828533,0.4711639907871955,0.42109655148421565,0.49200728512835906,0.560323823744082,0.29938191515228735,0.2631075993264881,0.3883735101322958,0.5920318279341278,0.41670620042265905,0.4516202394021561,0.7696850925459803,1.0,0.4627954574800286,0.00013796967553803138,0.00011632312709550841,0.10746019590126625,0.029562425010000035,0.05537397038376617,0.098994418975334,0.030678341838276946,3.3452276273450566e-05,0.000707112322491946],[0.07198915668494967,0.09310322156476004,0.09826262878460956,0.08349330135276904,0.07321596202503923,0.05749494655424464,0.06822400825850322,0.06928499553261147,0.07285561717647301,0.06948813258616827,0.07897655428104483,0.08352215977729772,0.05961694343189471,0.11715081835934672,0.14274446205724264,0.03273052326828772,0.001217961489489228,0.06211016898711245,0.2490512684341409,0.09154000034902694,0.14905638297397383,0.3869687347194615,0.4627954574800286,1.0,0.1001258662752216,0.08685778634670903,0.3902347145380694,0.02186472502881019,0.04345895021846776,0.02629521328741718,0.0515232531122431,0.16155944172482656,0.25441705784389035],[0.021825911510767175,0.060644988519972305,0.055199600921926495,0.07695036088228031,0.0819296465650321,0.08882711471095472,0.08992789039629231,0.0971700337988305,0.10231278915737434,0.09273848761618927,0.08723917962766031,0.08744139980385969,0.12399551664748712,0.05902149614359896,0.0378777753101428,0.14657002345965983,0.2252633584713373,0.09152713168252981,0.019498175072790093,0.08167100295314891,0.0017223263644996565,0.006465618994352749,0.00013796967553803138,0.1001258662752216,1.0,0.12669365761917256,0.290509706463146,0.257269114176815,0.3103141147368972,0.34401787575247167,0.26006255786786403,0.25033391633940266,0.3168142898011185],[0.09021650220709226,0.046954662574642175,0.04471703421461123,0.06408673405436127,0.06164095118387307,0.06409609771029895,0.058240099678899315,0.05336246529342341,0.04738120511614291,0.0452894221210297,0.05611405596847169,0.06369127781909002,0.005280737407782361,0.0338112750836506,0.03346970898434394,0.05528479453402183,0.25804102903996795,0.006025912125707255,0.0030318339107310945,0.00237235750088808,0.001032239983741635,0.0011341611810776289,0.00011632312709550841,0.08685778634670903,0.12669365761917256,1.0,0.29860630745729755,0.09947562131287489,0.34887697426616626,0.2969180223852605,0.30222289445137634,0.4544171342090827,0.3605916601365023],[0.0024625535559133103,3.015520065544046e-06,0.00015448945066870952,0.0007777902953764332,0.0016730276169968571,0.00014325442813895695,0.0008794194171204908,0.00012761455034077175,0.0003067121611553417,0.00012291628139020694,0.0008158435105701266,0.0012251003284617357,2.797454969102933e-07,0.0010797124997599633,0.004593998465279288,0.019011893041336995,0.09116516107062929,0.0006787810730100803,0.0703512261435053,0.01095165433618133,0.0146553538543275,0.12532622606785618,0.10746019590126625,0.3902347145380694,0.290509706463146,0.29860630745729755,1.0,0.04849671669204759,0.21643698430106986,0.1923612470669532,0.25293420691159685,0.3935028178570825,0.39586829317875866],[0.19334718237191897,0.21866586883932218,0.20997558193159788,0.26961259474306914,0.2217762257337141,0.28237597745125775,0.26100272649010375,0.2712869865673885,0.26057490936254324,0.24280225039366185,0.2513175329743166,0.2648612575628386,0.18940246537393454,0.19948996514557965,0.1300223024597363,0.04686974565052903,0.4174442935466023,0.052129080639936314,0.1123176694040265,0.15135061878487838,0.013211381770513887,0.032230586265787904,0.029562425010000035,0.02186472502881019,0.257269114176815,0.09947562131287489,0.04849671669204759,1.0,0.25531239957502155,0.2022466741891943,0.14381899204304274,0.19473531654608825,0.17225949967941107],[0.3364722980762682,0.3208261302461057,0.3213175916903985,0.34211254980867506,0.32345125383830436,0.34606990794053766,0.3531522424845527,0.34751944575280813,0.3396054917225442,0.33697559622539375,0.34710529426852554,0.3321215184107964,0.3153233668452756,0.26248247885352854,0.2601549891747738,0.3636866073473601,0.6199165615180553,0.19224446642074192,0.10750748725098719,0.14858409773447934,0.07372475016928143,0.0517935223048314,0.05537397038376617,0.04345895021846776,0.3103141147368972,0.34887697426616626,0.21643698430106986,0.25531239957502155,1.0,0.6470512258023308,0.5400273135750298,0.5726027979890594,0.5120278693691326],[0.36397886620891756,0.34130933131419505,0.35828992158204825,0.3720157361366723,0.40811147161458367,0.38496272162581324,0.3847825967481926,0.39337057939114567,0.39458359716357255,0.381431048345286,0.3918352274469029,0.39048197861282663,0.3676240652932426,0.3229634175830258,0.28562331971519955,0.422174903287323,0.6898897044679617,0.25234859721796105,0.15150750204727223,0.18369792670975768,0.1610091036261952,0.09893740459541413,0.098994418975334,0.02629521328741718,0.34401787575247167,0.2969180223852605,0.1923612470669532,0.2022466741891943,0.6470512258023308,1.0,0.49149114168699193,0.4652191785118881,0.5072829293134106],[0.24084518047377332,0.20562732493379948,0.21156665411049855,0.22363339289906395,0.2193365874691667,0.208904115603765,0.22396234397221393,0.20785140908758162,0.1971436527692112,0.2118253237138219,0.22129052446846142,0.23073513245959068,0.217300787605387,0.17796201015367993,0.2011005841871028,0.29463593961055096,0.5093588529914562,0.16925546987646037,0.07328603496141765,0.12852556826880351,0.07276330029465776,0.026423419817410726,0.030678341838276946,0.0515232531122431,0.26006255786786403,0.30222289445137634,0.25293420691159685,0.14381899204304274,0.5400273135750298,0.49149114168699193,1.0,0.44563868293665093,0.4869483706368482],[0.2186918130316556,0.15686864476824192,0.1521113236871307,0.17180081007585446,0.17124170014276135,0.18070380180954132,0.18105931117377874,0.16171111663743218,0.16029899203908232,0.1557704195674638,0.178220334108213,0.16890110938193006,0.09694764121780462,0.1303439200530442,0.0936196915753758,0.19676447757411444,0.4247617686166353,0.03632230388617468,0.013679050852770316,0.022158577184716775,0.015650727892778587,0.0006987281015521236,3.3452276273450566e-05,0.16155944172482656,0.25033391633940266,0.4544171342090827,0.3935028178570825,0.19473531654608825,0.5726027979890594,0.4652191785118881,0.44563868293665093,1.0,0.6029774450305025],[0.15979811637357763,0.12974504319426075,0.12039931665284681,0.13439562644068617,0.1498077286261535,0.1526144624231158,0.1567273119410805,0.12759971162075187,0.129138241106835,0.14242602940930435,0.14421551754918205,0.1440343815430636,0.12958122623404483,0.1036183045093687,0.0775429912855113,0.1919923736521429,0.37528173486005206,0.07130653493482819,0.016260630097495586,0.05386775438310384,0.026864139634014694,0.0021319703239478117,0.000707112322491946,0.25441705784389035,0.3168142898011185,0.3605916601365023,0.39586829317875866,0.17225949967941107,0.5120278693691326,0.5072829293134106,0.4869483706368482,0.6029774450305025,1.0]],"type":"heatmap","xaxis":"x2","yaxis":"y2"},{"hoverinfo":"text","marker":{"color":"rgb(61,153,112)"},"mode":"lines","x":[-0.0,-0.2019741584949178,-0.2019741584949178,-0.0],"xaxis":"x","y":[10.0,10.0,0.0,0.0],"yaxis":"y","type":"scatter"},{"hoverinfo":"text","marker":{"color":"rgb(61,153,112)"},"mode":"lines","x":[-0.0,-0.05191099897747493,-0.05191099897747493,-0.0],"xaxis":"x","y":[10.0,10.0,0.0,0.0],"yaxis":"y","type":"scatter"},{"hoverinfo":"text","marker":{"color":"rgb(61,153,112)"},"mode":"lines","x":[-0.0,-0.09003481683880907,-0.09003481683880907,-0.0],"xaxis":"x","y":[10.0,10.0,0.0,0.0],"yaxis":"y","type":"scatter"},{"hoverinfo":"text","marker":{"color":"rgb(61,153,112)"},"mode":"lines","x":[-0.0,-0.14755552069449834,-0.14755552069449834,-0.09003481683880907],"xaxis":"x","y":[15.0,15.0,0.0,0.0],"yaxis":"y","type":"scatter"},{"hoverinfo":"text","marker":{"color":"rgb(61,153,112)"},"mode":"lines","x":[-0.05191099897747493,-0.19176505615376185,-0.19176505615376185,-0.14755552069449834],"xaxis":"x","y":[22.5,22.5,0.0,0.0],"yaxis":"y","type":"scatter"},{"hoverinfo":"text","marker":{"color":"rgb(61,153,112)"},"mode":"lines","x":[-0.0,-0.2180921692659194,-0.2180921692659194,-0.19176505615376185],"xaxis":"x","y":[26.25,26.25,0.0,0.0],"yaxis":"y","type":"scatter"},{"hoverinfo":"text","marker":{"color":"rgb(61,153,112)"},"mode":"lines","x":[-0.0,-0.2363291440646956,-0.2363291440646956,-0.2180921692659194],"xaxis":"x","y":[23.125,23.125,0.0,0.0],"yaxis":"y","type":"scatter"},{"hoverinfo":"text","marker":{"color":"rgb(61,153,112)"},"mode":"lines","x":[-0.2019741584949178,-0.2415845866994856,-0.2415845866994856,-0.2363291440646956],"xaxis":"x","y":[26.5625,26.5625,0.0,0.0],"yaxis":"y","type":"scatter"},{"hoverinfo":"text","marker":{"color":"rgb(61,153,112)"},"mode":"lines","x":[-0.0,-0.29985707071565676,-0.29985707071565676,-0.2415845866994856],"xaxis":"x","y":[28.28125,28.28125,0.0,0.0],"yaxis":"y","type":"scatter"},{"hoverinfo":"text","marker":{"color":"rgb(61,153,112)"},"mode":"lines","x":[-0.0,-0.4172254748575477,-0.4172254748575477,-0.29985707071565676],"xaxis":"x","y":[24.140625,24.140625,0.0,0.0],"yaxis":"y","type":"scatter"},{"hoverinfo":"text","marker":{"color":"rgb(61,153,112)"},"mode":"lines","x":[-0.0,-0.5231697251675278,-0.5231697251675278,-0.4172254748575477],"xaxis":"x","y":[22.0703125,22.0703125,0.0,0.0],"yaxis":"y","type":"scatter"},{"hoverinfo":"text","marker":{"color":"rgb(61,153,112)"},"mode":"lines","x":[-0.0,-0.5044263417749111,-0.5044263417749111,-0.0],"xaxis":"x","y":[10.0,10.0,0.0,0.0],"yaxis":"y","type":"scatter"},{"hoverinfo":"text","marker":{"color":"rgb(61,153,112)"},"mode":"lines","x":[-0.0,-0.7069483076063439,-0.7069483076063439,-0.5044263417749111],"xaxis":"x","y":[15.0,15.0,0.0,0.0],"yaxis":"y","type":"scatter"},{"hoverinfo":"text","marker":{"color":"rgb(61,153,112)"},"mode":"lines","x":[-0.5231697251675278,-0.712677953665084,-0.712677953665084,-0.7069483076063439],"xaxis":"x","y":[116.46484375,116.46484375,0.0,0.0],"yaxis":"y","type":"scatter"},{"hoverinfo":"text","marker":{"color":"rgb(61,153,112)"},"mode":"lines","x":[-0.0,-0.9800899933217283,-0.9800899933217283,-0.0],"xaxis":"x","y":[10.0,10.0,0.0,0.0],"yaxis":"y","type":"scatter"},{"hoverinfo":"text","marker":{"color":"rgb(61,153,112)"},"mode":"lines","x":[-0.712677953665084,-1.0699309895062754,-1.0699309895062754,-0.9800899933217283],"xaxis":"x","y":[85.732421875,85.732421875,0.0,0.0],"yaxis":"y","type":"scatter"},{"hoverinfo":"text","marker":{"color":"rgb(61,153,112)"},"mode":"lines","x":[-0.0,-0.5487638420308985,-0.5487638420308985,-0.0],"xaxis":"x","y":[10.0,10.0,0.0,0.0],"yaxis":"y","type":"scatter"},{"hoverinfo":"text","marker":{"color":"rgb(61,153,112)"},"mode":"lines","x":[-0.0,-0.7722224913240081,-0.7722224913240081,-0.5487638420308985],"xaxis":"x","y":[15.0,15.0,0.0,0.0],"yaxis":"y","type":"scatter"},{"hoverinfo":"text","marker":{"color":"rgb(61,153,112)"},"mode":"lines","x":[-0.0,-0.3495042263031829,-0.3495042263031829,-0.0],"xaxis":"x","y":[10.0,10.0,0.0,0.0],"yaxis":"y","type":"scatter"},{"hoverinfo":"text","marker":{"color":"rgb(61,153,112)"},"mode":"lines","x":[-0.0,-0.9108841404145758,-0.9108841404145758,-0.3495042263031829],"xaxis":"x","y":[15.0,15.0,0.0,0.0],"yaxis":"y","type":"scatter"},{"hoverinfo":"text","marker":{"color":"rgb(61,153,112)"},"mode":"lines","x":[-0.7722224913240081,-1.1310958989586517,-1.1310958989586517,-0.9108841404145758],"xaxis":"x","y":[30.0,30.0,0.0,0.0],"yaxis":"y","type":"scatter"},{"hoverinfo":"text","marker":{"color":"rgb(61,153,112)"},"mode":"lines","x":[-1.0699309895062754,-1.5534932113963065,-1.5534932113963065,-1.1310958989586517],"xaxis":"x","y":[80.3662109375,80.3662109375,0.0,0.0],"yaxis":"y","type":"scatter"},{"hoverinfo":"text","marker":{"color":"rgb(255,65,54)"},"mode":"lines","x":[-0.0,-1.115805925607028,-1.115805925607028,-0.0],"xaxis":"x","y":[10.0,10.0,0.0,0.0],"yaxis":"y","type":"scatter"},{"hoverinfo":"text","marker":{"color":"rgb(255,65,54)"},"mode":"lines","x":[-0.0,-1.2338738190916057,-1.2338738190916057,-1.115805925607028],"xaxis":"x","y":[15.0,15.0,0.0,0.0],"yaxis":"y","type":"scatter"},{"hoverinfo":"text","marker":{"color":"rgb(255,65,54)"},"mode":"lines","x":[-0.0,-1.4439360452363992,-1.4439360452363992,-1.2338738190916057],"xaxis":"x","y":[17.5,17.5,0.0,0.0],"yaxis":"y","type":"scatter"},{"hoverinfo":"text","marker":{"color":"rgb(255,65,54)"},"mode":"lines","x":[-0.0,-0.5745356376896498,-0.5745356376896498,-0.0],"xaxis":"x","y":[10.0,10.0,0.0,0.0],"yaxis":"y","type":"scatter"},{"hoverinfo":"text","marker":{"color":"rgb(255,65,54)"},"mode":"lines","x":[-0.0,-0.6034607737699945,-0.6034607737699945,-0.0],"xaxis":"x","y":[10.0,10.0,0.0,0.0],"yaxis":"y","type":"scatter"},{"hoverinfo":"text","marker":{"color":"rgb(255,65,54)"},"mode":"lines","x":[-0.0,-0.8851529362235913,-0.8851529362235913,-0.6034607737699945],"xaxis":"x","y":[15.0,15.0,0.0,0.0],"yaxis":"y","type":"scatter"},{"hoverinfo":"text","marker":{"color":"rgb(255,65,54)"},"mode":"lines","x":[-0.5745356376896498,-1.093535720407352,-1.093535720407352,-0.8851529362235913],"xaxis":"x","y":[22.5,22.5,0.0,0.0],"yaxis":"y","type":"scatter"},{"hoverinfo":"text","marker":{"color":"rgb(255,65,54)"},"mode":"lines","x":[-0.0,-1.4771582855607024,-1.4771582855607024,-1.093535720407352],"xaxis":"x","y":[26.25,26.25,0.0,0.0],"yaxis":"y","type":"scatter"},{"hoverinfo":"text","marker":{"color":"rgb(255,65,54)"},"mode":"lines","x":[-1.4439360452363992,-1.5792096306538144,-1.5792096306538144,-1.4771582855607024],"xaxis":"x","y":[44.375,44.375,0.0,0.0],"yaxis":"y","type":"scatter"},{"hoverinfo":"text","marker":{"color":"rgb(0,116,217)"},"mode":"lines","x":[-1.5534932113963065,-2.843646403255145,-2.843646403255145,-1.5792096306538144],"xaxis":"x","y":[108.62060546875,108.62060546875,0.0,0.0],"yaxis":"y","type":"scatter"},{"hoverinfo":"text","marker":{"color":"rgb(61,153,112)"},"mode":"lines","x":[35.0,35.0,45.0,45.0],"xaxis":"x3","y":[0.0,0.2019741584949178,0.2019741584949178,0.0],"yaxis":"y3","type":"scatter"},{"hoverinfo":"text","marker":{"color":"rgb(61,153,112)"},"mode":"lines","x":[75.0,75.0,85.0,85.0],"xaxis":"x3","y":[0.0,0.05191099897747493,0.05191099897747493,0.0],"yaxis":"y3","type":"scatter"},{"hoverinfo":"text","marker":{"color":"rgb(61,153,112)"},"mode":"lines","x":[105.0,105.0,115.0,115.0],"xaxis":"x3","y":[0.0,0.09003481683880907,0.09003481683880907,0.0],"yaxis":"y3","type":"scatter"},{"hoverinfo":"text","marker":{"color":"rgb(61,153,112)"},"mode":"lines","x":[95.0,95.0,110.0,110.0],"xaxis":"x3","y":[0.0,0.14755552069449834,0.14755552069449834,0.09003481683880907],"yaxis":"y3","type":"scatter"},{"hoverinfo":"text","marker":{"color":"rgb(61,153,112)"},"mode":"lines","x":[80.0,80.0,102.5,102.5],"xaxis":"x3","y":[0.05191099897747493,0.19176505615376185,0.19176505615376185,0.14755552069449834],"yaxis":"y3","type":"scatter"},{"hoverinfo":"text","marker":{"color":"rgb(61,153,112)"},"mode":"lines","x":[65.0,65.0,91.25,91.25],"xaxis":"x3","y":[0.0,0.2180921692659194,0.2180921692659194,0.19176505615376185],"yaxis":"y3","type":"scatter"},{"hoverinfo":"text","marker":{"color":"rgb(61,153,112)"},"mode":"lines","x":[55.0,55.0,78.125,78.125],"xaxis":"x3","y":[0.0,0.2363291440646956,0.2363291440646956,0.2180921692659194],"yaxis":"y3","type":"scatter"},{"hoverinfo":"text","marker":{"color":"rgb(61,153,112)"},"mode":"lines","x":[40.0,40.0,66.5625,66.5625],"xaxis":"x3","y":[0.2019741584949178,0.2415845866994856,0.2415845866994856,0.2363291440646956],"yaxis":"y3","type":"scatter"},{"hoverinfo":"text","marker":{"color":"rgb(61,153,112)"},"mode":"lines","x":[25.0,25.0,53.28125,53.28125],"xaxis":"x3","y":[0.0,0.29985707071565676,0.29985707071565676,0.2415845866994856],"yaxis":"y3","type":"scatter"},{"hoverinfo":"text","marker":{"color":"rgb(61,153,112)"},"mode":"lines","x":[15.0,15.0,39.140625,39.140625],"xaxis":"x3","y":[0.0,0.4172254748575477,0.4172254748575477,0.29985707071565676],"yaxis":"y3","type":"scatter"},{"hoverinfo":"text","marker":{"color":"rgb(61,153,112)"},"mode":"lines","x":[5.0,5.0,27.0703125,27.0703125],"xaxis":"x3","y":[0.0,0.5231697251675278,0.5231697251675278,0.4172254748575477],"yaxis":"y3","type":"scatter"},{"hoverinfo":"text","marker":{"color":"rgb(61,153,112)"},"mode":"lines","x":[135.0,135.0,145.0,145.0],"xaxis":"x3","y":[0.0,0.5044263417749111,0.5044263417749111,0.0],"yaxis":"y3","type":"scatter"},{"hoverinfo":"text","marker":{"color":"rgb(61,153,112)"},"mode":"lines","x":[125.0,125.0,140.0,140.0],"xaxis":"x3","y":[0.0,0.7069483076063439,0.7069483076063439,0.5044263417749111],"yaxis":"y3","type":"scatter"},{"hoverinfo":"text","marker":{"color":"rgb(61,153,112)"},"mode":"lines","x":[16.03515625,16.03515625,132.5,132.5],"xaxis":"x3","y":[0.5231697251675278,0.712677953665084,0.712677953665084,0.7069483076063439],"yaxis":"y3","type":"scatter"},{"hoverinfo":"text","marker":{"color":"rgb(61,153,112)"},"mode":"lines","x":[155.0,155.0,165.0,165.0],"xaxis":"x3","y":[0.0,0.9800899933217283,0.9800899933217283,0.0],"yaxis":"y3","type":"scatter"},{"hoverinfo":"text","marker":{"color":"rgb(61,153,112)"},"mode":"lines","x":[74.267578125,74.267578125,160.0,160.0],"xaxis":"x3","y":[0.712677953665084,1.0699309895062754,1.0699309895062754,0.9800899933217283],"yaxis":"y3","type":"scatter"},{"hoverinfo":"text","marker":{"color":"rgb(61,153,112)"},"mode":"lines","x":[185.0,185.0,195.0,195.0],"xaxis":"x3","y":[0.0,0.5487638420308985,0.5487638420308985,0.0],"yaxis":"y3","type":"scatter"},{"hoverinfo":"text","marker":{"color":"rgb(61,153,112)"},"mode":"lines","x":[175.0,175.0,190.0,190.0],"xaxis":"x3","y":[0.0,0.7722224913240081,0.7722224913240081,0.5487638420308985],"yaxis":"y3","type":"scatter"},{"hoverinfo":"text","marker":{"color":"rgb(61,153,112)"},"mode":"lines","x":[215.0,215.0,225.0,225.0],"xaxis":"x3","y":[0.0,0.3495042263031829,0.3495042263031829,0.0],"yaxis":"y3","type":"scatter"},{"hoverinfo":"text","marker":{"color":"rgb(61,153,112)"},"mode":"lines","x":[205.0,205.0,220.0,220.0],"xaxis":"x3","y":[0.0,0.9108841404145758,0.9108841404145758,0.3495042263031829],"yaxis":"y3","type":"scatter"},{"hoverinfo":"text","marker":{"color":"rgb(61,153,112)"},"mode":"lines","x":[182.5,182.5,212.5,212.5],"xaxis":"x3","y":[0.7722224913240081,1.1310958989586517,1.1310958989586517,0.9108841404145758],"yaxis":"y3","type":"scatter"},{"hoverinfo":"text","marker":{"color":"rgb(61,153,112)"},"mode":"lines","x":[117.1337890625,117.1337890625,197.5,197.5],"xaxis":"x3","y":[1.0699309895062754,1.5534932113963065,1.5534932113963065,1.1310958989586517],"yaxis":"y3","type":"scatter"},{"hoverinfo":"text","marker":{"color":"rgb(255,65,54)"},"mode":"lines","x":[255.0,255.0,265.0,265.0],"xaxis":"x3","y":[0.0,1.115805925607028,1.115805925607028,0.0],"yaxis":"y3","type":"scatter"},{"hoverinfo":"text","marker":{"color":"rgb(255,65,54)"},"mode":"lines","x":[245.0,245.0,260.0,260.0],"xaxis":"x3","y":[0.0,1.2338738190916057,1.2338738190916057,1.115805925607028],"yaxis":"y3","type":"scatter"},{"hoverinfo":"text","marker":{"color":"rgb(255,65,54)"},"mode":"lines","x":[235.0,235.0,252.5,252.5],"xaxis":"x3","y":[0.0,1.4439360452363992,1.4439360452363992,1.2338738190916057],"yaxis":"y3","type":"scatter"},{"hoverinfo":"text","marker":{"color":"rgb(255,65,54)"},"mode":"lines","x":[285.0,285.0,295.0,295.0],"xaxis":"x3","y":[0.0,0.5745356376896498,0.5745356376896498,0.0],"yaxis":"y3","type":"scatter"},{"hoverinfo":"text","marker":{"color":"rgb(255,65,54)"},"mode":"lines","x":[315.0,315.0,325.0,325.0],"xaxis":"x3","y":[0.0,0.6034607737699945,0.6034607737699945,0.0],"yaxis":"y3","type":"scatter"},{"hoverinfo":"text","marker":{"color":"rgb(255,65,54)"},"mode":"lines","x":[305.0,305.0,320.0,320.0],"xaxis":"x3","y":[0.0,0.8851529362235913,0.8851529362235913,0.6034607737699945],"yaxis":"y3","type":"scatter"},{"hoverinfo":"text","marker":{"color":"rgb(255,65,54)"},"mode":"lines","x":[290.0,290.0,312.5,312.5],"xaxis":"x3","y":[0.5745356376896498,1.093535720407352,1.093535720407352,0.8851529362235913],"yaxis":"y3","type":"scatter"},{"hoverinfo":"text","marker":{"color":"rgb(255,65,54)"},"mode":"lines","x":[275.0,275.0,301.25,301.25],"xaxis":"x3","y":[0.0,1.4771582855607024,1.4771582855607024,1.093535720407352],"yaxis":"y3","type":"scatter"},{"hoverinfo":"text","marker":{"color":"rgb(255,65,54)"},"mode":"lines","x":[243.75,243.75,288.125,288.125],"xaxis":"x3","y":[1.4439360452363992,1.5792096306538144,1.5792096306538144,1.4771582855607024],"yaxis":"y3","type":"scatter"},{"hoverinfo":"text","marker":{"color":"rgb(0,116,217)"},"mode":"lines","x":[157.31689453125,157.31689453125,265.9375,265.9375],"xaxis":"x3","y":[1.5534932113963065,2.843646403255145,2.843646403255145,1.5792096306538144],"yaxis":"y3","type":"scatter"}],                        {"template":{"data":{"histogram2dcontour":[{"type":"histogram2dcontour","colorbar":{"outlinewidth":0,"ticks":""},"colorscale":[[0.0,"#0d0887"],[0.1111111111111111,"#46039f"],[0.2222222222222222,"#7201a8"],[0.3333333333333333,"#9c179e"],[0.4444444444444444,"#bd3786"],[0.5555555555555556,"#d8576b"],[0.6666666666666666,"#ed7953"],[0.7777777777777778,"#fb9f3a"],[0.8888888888888888,"#fdca26"],[1.0,"#f0f921"]]}],"choropleth":[{"type":"choropleth","colorbar":{"outlinewidth":0,"ticks":""}}],"histogram2d":[{"type":"histogram2d","colorbar":{"outlinewidth":0,"ticks":""},"colorscale":[[0.0,"#0d0887"],[0.1111111111111111,"#46039f"],[0.2222222222222222,"#7201a8"],[0.3333333333333333,"#9c179e"],[0.4444444444444444,"#bd3786"],[0.5555555555555556,"#d8576b"],[0.6666666666666666,"#ed7953"],[0.7777777777777778,"#fb9f3a"],[0.8888888888888888,"#fdca26"],[1.0,"#f0f921"]]}],"heatmap":[{"type":"heatmap","colorbar":{"outlinewidth":0,"ticks":""},"colorscale":[[0.0,"#0d0887"],[0.1111111111111111,"#46039f"],[0.2222222222222222,"#7201a8"],[0.3333333333333333,"#9c179e"],[0.4444444444444444,"#bd3786"],[0.5555555555555556,"#d8576b"],[0.6666666666666666,"#ed7953"],[0.7777777777777778,"#fb9f3a"],[0.8888888888888888,"#fdca26"],[1.0,"#f0f921"]]}],"heatmapgl":[{"type":"heatmapgl","colorbar":{"outlinewidth":0,"ticks":""},"colorscale":[[0.0,"#0d0887"],[0.1111111111111111,"#46039f"],[0.2222222222222222,"#7201a8"],[0.3333333333333333,"#9c179e"],[0.4444444444444444,"#bd3786"],[0.5555555555555556,"#d8576b"],[0.6666666666666666,"#ed7953"],[0.7777777777777778,"#fb9f3a"],[0.8888888888888888,"#fdca26"],[1.0,"#f0f921"]]}],"contourcarpet":[{"type":"contourcarpet","colorbar":{"outlinewidth":0,"ticks":""}}],"contour":[{"type":"contour","colorbar":{"outlinewidth":0,"ticks":""},"colorscale":[[0.0,"#0d0887"],[0.1111111111111111,"#46039f"],[0.2222222222222222,"#7201a8"],[0.3333333333333333,"#9c179e"],[0.4444444444444444,"#bd3786"],[0.5555555555555556,"#d8576b"],[0.6666666666666666,"#ed7953"],[0.7777777777777778,"#fb9f3a"],[0.8888888888888888,"#fdca26"],[1.0,"#f0f921"]]}],"surface":[{"type":"surface","colorbar":{"outlinewidth":0,"ticks":""},"colorscale":[[0.0,"#0d0887"],[0.1111111111111111,"#46039f"],[0.2222222222222222,"#7201a8"],[0.3333333333333333,"#9c179e"],[0.4444444444444444,"#bd3786"],[0.5555555555555556,"#d8576b"],[0.6666666666666666,"#ed7953"],[0.7777777777777778,"#fb9f3a"],[0.8888888888888888,"#fdca26"],[1.0,"#f0f921"]]}],"mesh3d":[{"type":"mesh3d","colorbar":{"outlinewidth":0,"ticks":""}}],"scatter":[{"fillpattern":{"fillmode":"overlay","size":10,"solidity":0.2},"type":"scatter"}],"parcoords":[{"type":"parcoords","line":{"colorbar":{"outlinewidth":0,"ticks":""}}}],"scatterpolargl":[{"type":"scatterpolargl","marker":{"colorbar":{"outlinewidth":0,"ticks":""}}}],"bar":[{"error_x":{"color":"#2a3f5f"},"error_y":{"color":"#2a3f5f"},"marker":{"line":{"color":"#E5ECF6","width":0.5},"pattern":{"fillmode":"overlay","size":10,"solidity":0.2}},"type":"bar"}],"scattergeo":[{"type":"scattergeo","marker":{"colorbar":{"outlinewidth":0,"ticks":""}}}],"scatterpolar":[{"type":"scatterpolar","marker":{"colorbar":{"outlinewidth":0,"ticks":""}}}],"histogram":[{"marker":{"pattern":{"fillmode":"overlay","size":10,"solidity":0.2}},"type":"hi